562 3 14 6 207 177 
569 0 7 6 197 187 
562 6 14 5 209 175 
565 1 11 9 205 179 
565 1 11 7 203 181 
552 2 24 5 215 169 
565 1 11 6 202 182 
564 3 12 10 209 175 
566 3 10 4 201 183 
565 4 11 8 207 177 
561 5 15 7 211 173 
569 1 7 4 196 188 
561 2 15 11 212 172 
562 4 14 6 208 176 
566 3 10 9 206 178 
566 6 10 5 205 179 
560 3 16 8 211 173 
563 3 13 9 209 175 
563 2 13 6 205 179 
562 4 14 11 213 171 
564 0 12 9 205 179 
564 3 12 7 206 178 
564 1 12 5 202 182 
562 2 14 8 208 176 
566 1 10 11 206 178 
565 5 11 7 207 177 
562 6 14 5 209 175 
563 5 13 9 211 173 
564 3 12 8 207 177 
566 2 10 6 202 182 
558 6 18 5 213 171 
563 3 13 7 207 177 
566 4 10 11 209 175 
562 1 14 8 207 177 
563 1 13 6 204 180 
561 5 15 6 210 174 
562 8 14 5 211 173 
568 5 8 10 207 177 
564 2 12 4 202 182 
563 5 13 8 210 174 
563 1 13 12 210 174 
563 3 13 12 212 172 
565 7 11 8 210 174 
570 3 6 9 202 182 
562 4 14 4 206 178 
563 5 13 5 207 177 
563 5 13 4 206 178 
560 5 16 9 214 170 
561 2 15 8 209 175 
551 2 25 5 216 168 
563 2 13 8 207 177 
566 3 10 8 205 179 
566 2 10 11 207 177 
559 7 17 7 215 169 
558 2 18 10 214 170 
564 2 12 12 210 174 
566 2 10 3 199 185 
562 2 14 7 207 177 
567 3 9 9 205 179 
566 3 10 5 202 182 
567 1 9 8 202 182 
563 3 13 6 206 178 
567 2 9 5 200 184 
566 0 10 13 207 177 
569 4 7 6 201 183 
564 3 12 5 204 180 
564 1 12 10 207 177 
563 4 13 10 211 173 
567 3 9 7 203 181 
569 3 7 7 201 183 
563 6 13 8 211 173 
565 5 11 6 206 178 
565 3 11 7 205 179 
567 2 9 5 200 184 
564 2 12 4 202 182 
566 2 10 9 205 179 
559 3 17 11 215 169 
569 6 7 7 204 180 
565 2 11 9 206 178 
564 6 12 7 209 175 
568 5 8 5 202 182 
564 4 12 6 206 178 
562 3 14 11 212 172 
556 2 20 7 213 171 
568 1 8 9 202 182 
566 2 10 6 202 182 
566 5 10 7 206 178 
563 4 13 3 204 180 
565 2 11 4 201 183 
567 5 9 10 208 176 
563 4 13 6 207 177 
563 2 13 6 205 179 
554 2 22 7 215 169 
569 4 7 4 199 185 
569 5 7 12 208 176 
561 1 15 5 205 179 
563 2 13 7 206 178 
563 2 13 7 206 178 
564 4 12 6 206 178 
562 2 14 5 205 179 
561 4 15 5 208 176 
567 2 9 8 203 181 
564 4 12 2 202 182 
565 1 11 8 204 180 
570 3 6 7 200 184 
558 2 18 7 211 173 
558 0 18 8 210 174 
560 2 16 8 210 174 
561 4 15 9 212 172 
564 1 12 6 203 181 
567 4 9 10 207 177 
562 3 14 5 206 178 
565 4 11 9 208 176 
560 3 16 8 211 173 
561 4 15 7 210 174 
562 2 14 5 205 179 
560 2 16 6 208 176 
564 2 12 6 204 180 
570 1 6 10 201 183 
568 8 8 5 205 179 
557 2 19 9 214 170 
566 3 10 13 210 174 
565 5 11 8 208 176 
567 4 9 6 203 181 
564 4 12 5 205 179 
564 4 12 7 207 177 
562 4 14 2 204 180 
568 2 8 8 202 182 
553 3 23 8 218 166 
566 3 10 8 205 179 
567 1 9 7 201 183 
566 2 10 9 205 179 
564 2 12 5 203 181 
559 3 17 12 216 168 
567 2 9 7 202 182 
561 5 15 10 214 170 
565 4 11 6 205 179 
565 2 11 12 209 175 
563 1 13 9 207 177 
565 2 11 4 201 183 
564 2 12 8 206 178 
563 2 13 3 202 182 
563 0 13 5 202 182 
566 3 10 6 203 181 
567 3 9 9 205 179 
569 1 7 6 198 186 
568 5 8 15 212 172 
563 3 13 11 211 173 
565 6 11 6 207 177 
568 3 8 8 203 181 
559 0 17 7 208 176 
563 2 13 9 208 176 
568 4 8 8 204 180 
561 1 15 8 208 176 
559 6 17 9 216 168 
569 2 7 8 201 183 
567 1 9 7 201 183 
565 3 11 8 206 178 
561 1 15 5 205 179 
565 1 11 11 207 177 
562 3 14 9 210 174 
563 5 13 10 212 172 
568 9 8 8 209 175 
564 1 12 16 213 171 
563 1 13 10 208 176 
563 3 13 5 205 179 
568 3 8 8 203 181 
568 3 8 5 200 184 
567 1 9 8 202 182 
567 3 9 7 203 181 
569 2 7 10 203 181 
567 4 9 15 212 172 
560 2 16 6 208 176 
566 3 10 5 202 182 
564 5 12 4 205 179 
565 1 11 5 201 183 
566 2 10 10 206 178 
567 3 9 7 203 181 
565 4 11 11 210 174 
566 0 10 10 204 180 
570 1 6 4 195 189 
558 4 18 9 215 169 
564 1 12 8 205 179 
566 2 10 6 202 182 
570 7 6 7 204 180 
564 1 12 10 207 177 
566 5 10 3 202 182 
564 3 12 4 203 181 
567 2 9 2 197 187 
567 5 9 7 205 179 
566 3 10 9 206 178 
561 6 15 4 209 175 
563 2 13 4 203 181 
565 2 11 3 200 184 
568 5 8 7 204 180 
566 2 10 7 203 181 
565 6 11 4 205 179 
564 4 12 11 211 173 
559 5 17 7 213 171 
569 1 7 7 199 185 
568 3 8 8 203 181 
567 0 9 9 202 182 
561 7 15 6 212 172 
563 0 13 8 205 179 
558 2 18 5 209 175 
558 6 18 7 215 169 
560 4 16 6 210 174 
561 2 15 6 207 177 
564 2 12 6 204 180 
561 4 15 8 211 173 
569 2 7 4 197 187 
562 4 14 11 213 171 
569 0 7 10 201 183 
559 3 17 7 211 173 
564 2 12 12 210 174 
565 2 11 14 211 173 
558 1 18 9 212 172 
562 3 14 2 203 181 
562 4 14 8 210 174 
564 4 12 6 206 178 
566 4 10 11 209 175 
563 2 13 9 208 176 
563 3 13 5 205 179 
562 4 14 10 212 172 
557 3 19 12 218 166 
564 8 12 7 211 173 
565 2 11 5 202 182 
564 4 12 6 206 178 
568 2 8 9 203 181 
565 3 11 13 211 173 
558 4 18 10 216 168 
563 1 13 13 211 173 
565 1 11 10 206 178 
565 3 11 10 208 176 
566 3 10 8 205 179 
562 4 14 6 208 176 
565 3 11 4 202 182 
562 2 14 11 211 173 
566 3 10 5 202 182 
560 1 16 6 207 177 
564 0 12 8 204 180 
565 1 11 7 203 181 
570 0 6 5 195 189 
556 2 20 14 220 164 
561 2 15 9 210 174 
560 2 16 2 204 180 
561 1 15 12 212 172 
563 4 13 7 208 176 
563 5 13 6 208 176 
564 1 12 10 207 177 
559 4 17 3 208 176 
565 3 11 11 209 175 
567 4 9 7 204 180 
569 1 7 8 200 184 
562 2 14 4 204 180 
561 6 15 2 207 177 
569 4 7 10 205 179 
564 1 12 12 209 175 
562 1 14 5 204 180 
571 0 5 12 201 183 
559 1 17 4 206 178 
566 2 10 6 202 182 
572 4 4 8 200 184 
564 4 12 4 204 180 
564 4 12 8 208 176 
567 3 9 12 208 176 
567 3 9 9 205 179 
566 5 10 9 208 176 
560 5 16 4 209 175 
561 4 15 6 209 175 
560 2 16 9 211 173 
564 3 12 3 202 182 
568 5 8 5 202 182 
562 3 14 12 213 171 
563 0 13 8 205 179 
562 0 14 7 205 179 
562 2 14 4 204 180 
560 2 16 6 208 176 
564 5 12 10 211 173 
559 4 17 7 212 172 
568 2 8 11 205 179 
564 0 12 11 207 177 
566 2 10 7 203 181 
564 3 12 8 207 177 
569 3 7 9 203 181 
560 1 16 3 204 180 
564 4 12 4 204 180 
565 2 11 3 200 184 
564 4 12 4 204 180 
562 6 14 13 217 167 
557 3 19 6 212 172 
560 3 16 12 215 169 
563 5 13 9 211 173 
558 2 18 4 208 176 
560 4 16 10 214 170 
562 6 14 11 215 169 
567 4 9 4 201 183 
568 5 8 6 203 181 
561 2 15 12 213 171 
561 4 15 11 214 170 
565 3 11 6 204 180 
565 2 11 11 208 176 
563 1 13 11 209 175 
561 5 15 5 209 175 
561 8 15 4 211 173 
564 3 12 9 208 176 
565 4 11 10 209 175 
568 2 8 8 202 182 
564 3 12 7 206 178 
561 6 15 5 210 174 
566 3 10 14 211 173 
562 2 14 10 210 174 
563 2 13 7 206 178 
559 4 17 9 214 170 
560 6 16 6 212 172 
565 2 11 6 203 181 
559 1 17 11 213 171 
565 3 11 7 205 179 
568 5 8 8 205 179 
560 2 16 6 208 176 
568 3 8 8 203 181 
561 4 15 7 210 174 
558 2 18 4 208 176 
565 2 11 7 204 180 
558 3 18 11 216 168 
563 3 13 9 209 175 
566 3 10 8 205 179 
561 4 15 13 216 168 
560 3 16 4 207 177 
557 3 19 1 207 177 
560 2 16 7 209 175 
569 3 7 4 198 186 
561 3 15 9 211 173 
561 4 15 8 211 173 
567 5 9 5 203 181 
563 3 13 11 211 173 
565 6 11 6 207 177 
563 3 13 8 208 176 
562 3 14 3 204 180 
568 5 8 6 203 181 
570 6 6 9 205 179 
565 3 11 8 206 178 
554 6 22 5 217 167 
566 8 10 8 210 174 
560 1 16 7 208 176 
565 5 11 7 207 177 
561 6 15 6 211 173 
563 1 13 11 209 175 
567 2 9 5 200 184 
569 5 7 4 200 184 
569 2 7 8 201 183 
562 2 14 3 203 181 
566 1 10 7 202 182 
561 1 15 4 204 180 
567 1 9 7 201 183 
567 3 9 7 203 181 
565 1 11 5 201 183 
561 3 15 6 208 176 
562 3 14 7 208 176 
557 4 19 10 217 167 
561 3 15 4 206 178 
562 1 14 7 206 178 
564 4 12 9 209 175 
562 6 14 7 211 173 
565 2 11 6 203 181 
562 4 14 8 210 174 
564 2 12 4 202 182 
563 3 13 6 206 178 
564 3 12 8 207 177 
561 4 15 6 209 175 
564 4 12 7 207 177 
563 1 13 7 205 179 
570 3 6 6 199 185 
566 3 10 10 207 177 
560 6 16 9 215 169 
563 4 13 4 205 179 
558 4 18 8 214 170 
568 2 8 13 207 177 
563 5 13 6 208 176 
559 4 17 6 211 173 
564 3 12 11 210 174 
566 0 10 5 199 185 
564 2 12 10 208 176 
565 4 11 7 206 178 
563 3 13 9 209 175 
560 3 16 11 214 170 
554 1 22 9 216 168 
565 3 11 6 204 180 
568 0 8 5 197 187 
566 1 10 15 210 174 
563 4 13 9 210 174 
560 2 16 6 208 176 
566 6 10 9 209 175 
567 2 9 11 206 178 
565 3 11 7 205 179 
569 2 7 11 204 180 
567 2 9 12 207 177 
568 4 8 10 206 178 
559 4 17 5 210 174 
568 0 8 8 200 184 
564 2 12 9 207 177 
564 4 12 5 205 179 
565 2 11 11 208 176 
569 2 7 6 199 185 
566 4 10 9 207 177 
564 1 12 13 210 174 
562 3 14 8 209 175 
564 7 12 5 208 176 
563 1 13 4 202 182 
565 1 11 6 202 182 
562 1 14 11 210 174 
565 1 11 10 206 178 
560 4 16 3 207 177 
562 4 14 10 212 172 
564 4 12 10 210 174 
562 3 14 5 206 178 
567 3 9 9 205 179 
568 3 8 8 203 181 
566 6 10 6 206 178 
564 4 12 4 204 180 
564 3 12 8 207 177 
558 5 18 10 217 167 
564 3 12 5 204 180 
561 1 15 8 208 176 
563 1 13 9 207 177 
568 2 8 14 208 176 
568 3 8 13 208 176 
561 1 15 4 204 180 
556 7 20 7 218 166 
562 1 14 4 203 181 
561 5 15 6 210 174 
565 2 11 8 205 179 
567 1 9 6 200 184 
563 3 13 9 209 175 
570 5 6 9 204 180 
563 2 13 5 204 180 
564 5 12 6 207 177 
564 4 12 7 207 177 
567 3 9 10 206 178 
568 3 8 12 207 177 
570 1 6 4 195 189 
560 2 16 6 208 176 
561 2 15 9 210 174 
561 2 15 8 209 175 
559 4 17 2 207 177 
565 6 11 6 207 177 
562 4 14 4 206 178 
562 6 14 4 208 176 
561 2 15 9 210 174 
562 3 14 4 205 179 
559 3 17 5 209 175 
563 4 13 8 209 175 
565 4 11 11 210 174 
564 3 12 10 209 175 
563 2 13 3 202 182 
569 1 7 8 200 184 
572 1 4 7 196 188 
565 1 11 6 202 182 
564 5 12 8 209 175 
566 6 10 5 205 179 
566 4 10 5 203 181 
562 11 14 7 216 168 
563 4 13 6 207 177 
560 1 16 8 209 175 
565 4 11 8 207 177 
566 5 10 6 205 179 
564 4 12 10 210 174 
568 3 8 6 201 183 
562 1 14 8 207 177 
554 4 22 7 217 167 
568 2 8 10 204 180 
569 3 7 13 207 177 
557 5 19 3 211 173 
559 6 17 10 217 167 
561 2 15 6 207 177 
557 3 19 8 214 170 
564 5 12 8 209 175 
565 3 11 5 203 181 
562 2 14 11 211 173 
562 2 14 4 204 180 
563 2 13 7 206 178 
562 3 14 5 206 178 
564 1 12 8 205 179 
557 2 19 8 213 171 
564 2 12 6 204 180 
570 4 6 5 199 185 
564 3 12 6 205 179 
564 4 12 9 209 175 
565 3 11 13 211 173 
558 3 18 7 212 172 
567 5 9 7 205 179 
563 2 13 7 206 178 
565 4 11 7 206 178 
565 2 11 5 202 182 
562 4 14 14 216 168 
567 1 9 4 198 186 
561 5 15 13 217 167 
563 3 13 4 204 180 
564 2 12 6 204 180 
564 3 12 7 206 178 
