0,00010,10101020,20202030,30303040,40404050,50505060,60606070,70707080,80808090,909090
235,182,267,82,177,182,161,140,174,140,92,185,190,106,55,203,221,82,36,196,261,58,21,180,300,44,10,155,335,29,6,135,374,17,4,108,
241,194,250,64,197,173,155,129,179,136,96,184,188,117,61,194,218,78,38,203,255,59,22,185,286,41,14,172,321,40,13,138,348,31,9,120,
232,201,263,66,164,197,167,138,160,154,99,185,190,111,66,198,225,88,46,186,252,70,25,177,282,51,16,166,309,44,10,146,336,26,8,137,
208,232,343,59,145,208,211,146,144,149,130,206,172,113,79,214,205,85,55,209,238,60,38,201,272,52,23,175,300,36,17,163,338,28,10,133,
181,233,393,85,117,216,249,166,103,176,148,220,136,125,91,238,186,93,62,220,214,82,37,203,238,56,18,205,272,37,7,190,321,31,5,147,
241,211,279,47,176,204,176,119,180,159,112,160,187,132,73,180,209,106,38,184,231,74,26,194,271,63,17,165,306,41,9,152,345,30,8,124,
202,223,365,74,135,208,223,156,134,152,146,213,147,121,88,231,181,99,61,219,224,71,35,204,254,53,26,192,294,38,18,167,324,29,12,146,
247,200,241,52,191,179,151,129,173,144,92,182,195,106,52,198,227,90,36,182,249,70,29,180,276,47,22,176,300,41,17,158,332,30,14,137,
188,246,378,65,137,229,226,133,138,168,139,193,146,123,89,230,181,87,63,231,216,62,47,221,240,52,34,207,264,49,27,186,294,40,15,165,
188,250,407,61,117,218,259,164,115,165,165,219,133,129,109,237,167,101,61,231,217,77,39,205,249,54,26,196,292,46,14,161,331,35,8,133,
202,229,347,68,130,207,218,162,125,157,139,217,156,120,80,223,195,95,47,209,231,83,34,185,257,62,21,180,305,35,10,159,350,23,8,126,
207,220,316,72,158,192,206,149,151,163,129,185,177,114,70,208,193,88,43,218,241,68,30,190,274,49,24,176,297,37,13,165,321,31,12,147,
266,172,219,61,207,156,140,136,204,140,83,155,218,95,58,186,236,81,39,182,262,56,24,181,305,43,14,151,331,38,5,130,362,31,3,106,
220,208,333,71,167,181,186,151,159,143,121,197,178,114,71,207,207,81,44,211,241,63,33,195,271,43,18,185,311,34,13,154,340,26,11,133,
212,214,311,73,155,206,211,138,150,170,137,179,167,142,93,190,194,112,67,193,216,84,41,199,248,71,28,180,277,53,14,169,310,38,10,151,
258,181,208,60,199,172,123,128,188,143,90,168,201,113,58,185,240,85,36,174,259,71,24,169,300,45,11,154,332,28,6,139,368,20,3,111,
238,197,277,64,180,188,172,131,179,145,100,175,186,112,63,201,217,82,36,200,250,65,24,184,283,45,15,171,313,30,11,156,343,23,6,133,
194,210,364,95,138,188,210,173,137,151,121,211,166,123,71,210,200,90,39,209,248,64,27,187,273,43,16,183,301,34,10,164,336,31,6,132,
191,241,347,67,141,212,216,146,133,161,125,205,159,118,74,222,189,98,48,212,230,68,30,201,267,52,20,180,312,41,15,146,338,29,8,132,
216,218,267,65,149,217,166,133,139,162,107,198,163,120,68,216,192,84,55,223,218,69,37,212,261,48,29,190,292,36,15,171,318,30,10,151,
201,228,330,70,137,205,203,157,138,166,124,195,150,131,74,218,189,93,51,217,234,57,30,208,273,36,17,190,303,32,9,164,335,19,6,145,
193,223,384,83,131,195,238,173,125,162,148,212,146,124,95,229,169,88,60,242,232,69,36,198,279,58,20,162,303,51,16,145,335,36,10,128,
256,184,263,59,198,189,174,112,172,166,98,161,193,114,66,192,216,90,38,193,247,70,28,182,280,51,19,168,311,43,14,145,334,34,9,131,
240,196,266,63,173,194,165,132,161,152,108,186,181,107,60,211,211,77,36,211,240,69,29,190,274,57,23,168,312,47,14,140,334,30,10,135,
227,201,244,71,170,176,164,153,182,148,97,169,189,113,69,197,213,81,40,205,245,68,21,186,287,48,16,164,317,35,15,147,349,33,9,117,
283,169,220,47,225,158,139,116,211,131,104,157,223,102,76,174,224,92,53,183,248,68,28,183,286,42,22,171,320,28,18,151,335,30,16,134,
191,229,363,79,120,200,227,179,122,151,150,226,146,120,101,233,189,91,57,219,218,68,33,213,251,59,22,189,280,54,21,165,316,37,15,146,
288,159,202,52,239,146,122,114,220,126,79,153,235,96,54,168,259,77,25,163,285,45,21,169,321,27,12,151,348,14,9,137,373,10,2,116,
173,229,396,97,130,206,249,163,132,160,143,207,153,129,92,217,192,96,56,211,246,70,30,183,268,44,20,187,297,34,11,168,322,24,6,153,
241,183,261,75,176,172,149,151,181,133,84,185,189,114,55,196,224,77,37,198,257,49,26,193,279,42,17,178,305,36,13,158,334,27,10,138,
170,254,344,75,114,209,219,176,109,159,140,231,129,117,91,253,161,95,65,243,187,67,43,245,223,58,27,218,280,44,14,175,319,36,10,144,
232,194,273,73,176,181,176,142,171,139,108,189,187,109,81,203,230,84,47,185,258,61,28,180,285,53,15,161,315,52,11,132,337,36,7,126,
188,241,371,70,137,219,248,143,135,173,164,191,152,134,97,213,190,104,64,205,227,80,43,192,254,66,28,179,275,52,15,172,310,34,8,155,
202,215,328,82,152,185,195,162,150,153,130,196,164,102,89,233,192,73,65,234,234,63,42,202,263,44,27,192,300,32,19,167,328,24,11,147,
186,233,388,80,126,208,226,165,130,160,133,209,147,121,84,231,185,93,49,221,210,73,31,216,245,56,22,198,291,42,16,166,324,37,10,138,
234,192,292,73,172,199,197,128,179,149,121,171,193,131,74,175,206,106,47,187,235,80,22,184,276,49,16,174,310,37,13,152,332,23,12,144,
248,193,268,58,181,192,167,126,156,157,102,186,164,113,67,222,211,70,49,218,257,61,39,181,289,51,26,159,299,46,16,154,326,39,10,134,
254,186,273,59,154,211,179,134,140,166,125,193,160,117,82,222,192,90,52,217,241,56,33,202,276,47,21,176,295,41,17,163,330,39,11,130,
261,179,214,59,214,163,131,122,202,139,97,158,213,114,60,172,247,84,43,168,278,65,26,156,307,48,14,144,331,32,9,136,360,28,8,111,
192,229,321,78,142,207,197,150,149,163,132,187,169,130,85,200,197,88,48,214,232,67,32,200,263,47,22,189,308,34,16,157,345,25,12,129,
261,195,245,43,210,166,148,123,214,146,81,139,220,107,52,172,241,90,40,168,270,66,20,163,307,44,11,148,330,28,7,141,361,21,6,117,
229,189,326,81,167,183,201,149,160,145,124,194,192,102,71,205,211,78,54,210,244,63,33,192,265,55,19,179,292,46,15,161,324,36,12,139,
273,168,232,58,196,166,157,137,205,127,94,167,212,119,63,168,229,92,55,178,253,79,35,167,281,65,25,153,300,50,21,149,326,31,12,142,
276,163,215,60,218,159,132,122,217,123,79,159,223,104,50,172,247,79,33,173,285,51,18,163,313,40,9,146,344,23,8,132,362,18,6,119,
228,203,296,68,170,190,172,139,169,153,106,177,174,117,67,208,191,95,43,213,231,66,24,202,280,48,15,171,317,35,8,147,351,23,8,125,
279,155,234,65,206,162,149,131,202,138,93,159,227,114,64,158,245,93,40,161,271,68,24,160,296,61,13,142,326,43,8,130,358,29,2,112,
228,198,285,73,169,195,174,135,161,157,110,181,183,118,70,198,205,96,46,198,233,67,29,199,268,44,19,187,291,32,16,176,330,24,11,145,
261,187,237,51,210,176,146,113,202,145,92,152,223,113,60,163,241,88,42,170,267,58,26,174,296,48,18,155,327,28,11,144,354,29,7,116,
245,195,277,59,173,180,184,146,169,150,126,180,181,123,74,195,218,81,49,200,257,56,33,186,288,50,25,161,316,40,16,143,349,30,13,120,
186,238,405,75,113,219,234,167,138,155,137,206,156,118,87,225,198,93,52,208,225,70,35,204,262,57,22,180,297,37,15,165,326,26,9,147,
210,237,344,52,146,189,218,164,142,146,145,211,176,108,85,215,212,74,50,213,242,58,33,199,276,43,18,180,316,32,14,151,353,25,9,121,
215,218,348,66,156,212,196,131,162,156,117,181,186,110,79,203,202,88,50,209,228,66,34,205,263,45,23,191,303,36,16,160,332,27,10,140,
219,210,305,70,162,212,193,125,155,165,126,179,176,128,76,195,211,93,41,195,252,60,30,187,283,38,11,178,316,31,7,152,350,22,5,127,
217,212,345,70,154,192,197,153,161,155,124,183,189,124,79,186,205,88,50,206,240,65,30,194,282,47,21,170,319,34,11,146,348,24,6,127,
247,197,285,55,187,191,179,121,180,132,112,187,196,104,72,199,215,79,45,205,243,64,28,192,278,40,14,181,311,26,8,162,338,20,4,141,
258,185,224,56,206,166,129,127,205,127,90,167,209,106,62,184,237,70,40,192,260,58,27,181,291,38,18,170,325,33,8,141,366,26,6,107,
275,170,228,54,211,159,145,129,204,121,95,174,202,111,74,186,228,87,46,184,246,68,32,185,273,55,18,171,305,46,10,148,345,28,6,126,
263,170,227,66,203,169,138,127,198,123,80,178,228,88,54,183,242,63,32,194,266,45,23,188,304,31,16,164,346,26,10,127,370,20,8,109,
246,181,274,72,185,177,173,137,170,154,107,175,193,111,65,195,216,83,43,200,244,61,24,194,281,45,15,173,327,34,9,138,350,30,7,119,
234,198,269,67,187,174,176,138,176,145,106,178,193,109,76,197,216,89,53,194,246,75,31,178,276,55,23,168,305,48,15,146,331,40,12,128,
180,239,357,80,130,193,217,176,132,156,131,211,159,108,72,232,194,76,50,229,242,53,38,204,278,49,27,172,293,40,17,166,328,31,14,140,
225,206,305,68,167,180,184,152,177,133,104,189,201,110,74,188,223,73,49,203,244,63,34,192,276,49,20,174,309,38,13,152,337,33,10,129,
179,232,357,88,128,191,216,180,130,149,119,220,176,108,73,215,211,65,42,223,255,57,29,187,287,54,19,158,322,37,10,140,353,32,5,114,
173,238,379,88,133,197,245,169,133,163,157,203,134,127,92,238,156,104,65,239,200,70,39,229,234,53,23,212,270,43,14,186,323,31,10,145,
250,202,253,47,179,182,159,138,166,149,108,184,189,102,65,208,219,76,42,204,248,55,17,196,285,42,14,172,317,29,8,153,350,21,4,128,
205,221,328,73,155,197,191,147,155,158,117,186,172,119,75,208,194,83,46,222,232,66,35,201,258,56,24,185,280,36,16,183,314,33,12,152,
214,223,317,62,155,208,175,136,158,172,99,169,179,123,68,197,211,92,41,196,245,76,30,178,276,57,23,166,314,42,18,143,330,35,12,134,
252,170,249,77,199,164,168,136,184,145,104,170,179,124,77,196,208,87,49,204,237,58,32,204,273,45,23,181,313,31,18,155,342,20,10,137,
199,222,338,78,132,212,209,155,137,175,133,187,154,124,84,221,182,90,59,227,220,76,36,203,259,52,25,188,291,45,14,163,322,33,8,144,
210,205,317,84,151,189,193,159,150,158,116,191,162,125,77,212,194,80,57,225,224,71,38,204,246,58,19,195,279,46,15,174,324,28,7,147,
251,175,283,73,173,187,184,139,177,147,120,175,190,113,73,196,204,91,43,204,248,61,29,190,280,48,18,171,307,35,13,157,329,31,8,139,
224,198,318,77,163,187,191,149,161,143,111,195,184,104,71,211,214,80,38,205,257,58,27,184,284,44,21,171,323,32,11,144,352,20,5,127,
184,229,386,86,135,197,244,167,123,169,163,207,144,127,106,228,187,87,63,225,226,74,42,199,269,53,24,177,301,37,15,161,325,33,11,141,
288,144,224,67,227,144,138,128,214,121,81,164,223,94,54,182,263,78,35,158,282,54,20,163,314,46,12,139,347,29,5,123,376,20,5,103,
204,209,350,86,129,207,214,163,144,153,126,202,180,117,88,202,198,105,62,196,209,97,44,193,244,77,33,178,274,56,25,169,305,47,16,147,
201,228,334,70,162,192,206,145,149,160,117,190,166,121,79,212,217,83,38,199,257,66,18,176,291,43,14,165,319,28,5,152,352,23,7,124,
247,186,289,66,157,197,189,145,144,152,116,203,173,106,60,220,208,79,37,212,252,63,30,184,275,51,18,173,302,36,13,161,338,22,9,139,
202,215,372,82,118,206,247,175,123,160,156,216,157,124,93,218,184,97,50,218,221,69,25,209,266,42,17,191,312,26,7,161,348,18,4,133,
177,235,363,87,132,197,236,170,118,164,152,217,150,112,95,237,180,82,68,237,215,61,38,223,262,46,19,191,311,34,10,154,348,19,8,132,
199,230,345,70,133,212,210,154,139,148,134,212,159,110,90,230,187,92,60,220,223,73,36,203,249,51,21,199,292,31,21,176,327,30,15,142,
205,210,301,84,147,196,183,156,155,155,119,189,175,122,68,202,203,93,42,203,240,70,27,189,266,52,11,181,309,36,8,154,351,23,7,125,
254,184,237,61,210,153,137,136,209,113,80,177,227,103,49,169,248,77,28,174,266,66,16,167,297,51,12,151,318,32,8,149,350,19,4,130,
227,198,262,74,171,180,151,148,168,135,89,196,188,105,56,206,214,74,32,211,251,45,17,203,298,34,10,167,333,25,7,141,358,23,6,118,
187,229,391,83,128,185,229,186,152,140,141,207,164,121,89,214,191,96,46,212,237,63,32,199,260,52,28,187,297,36,16,166,328,28,10,143,
218,211,314,70,181,186,191,132,167,152,116,180,174,123,74,202,206,101,37,192,245,66,23,188,281,49,16,169,311,34,9,154,349,25,4,125,
176,254,377,69,128,207,237,164,131,160,150,208,152,128,89,219,179,102,54,218,215,83,35,201,253,56,25,190,277,48,18,174,312,35,12,152,
224,204,293,71,177,181,193,141,167,154,122,178,178,127,77,194,212,98,50,189,242,78,29,179,283,52,16,164,311,34,7,154,333,26,6,140,
227,206,315,66,162,198,187,139,154,143,116,202,169,109,68,221,205,84,41,210,236,68,26,195,271,52,17,176,311,32,9,156,337,24,8,138,
210,206,326,83,161,183,211,155,143,153,127,203,164,109,78,226,196,80,52,223,235,57,37,207,282,44,21,173,319,32,15,148,346,21,10,132,
223,206,287,70,163,193,174,143,150,152,113,197,164,127,70,208,191,88,47,220,240,67,25,192,279,51,16,169,307,36,13,156,338,24,9,137,
184,245,395,70,118,226,243,155,110,177,152,212,133,121,96,245,165,94,66,240,189,72,44,238,230,60,33,209,280,46,20,173,313,26,12,160,
206,202,330,91,162,191,187,146,160,158,119,181,156,133,69,210,203,83,50,213,243,57,32,199,274,40,21,185,305,34,14,160,325,30,10,144,
248,195,265,56,180,183,150,136,167,154,108,178,180,134,76,185,217,94,39,188,249,68,23,182,288,45,13,166,323,26,7,150,352,21,3,126,
192,240,315,67,147,200,190,152,138,155,131,206,159,119,82,221,186,94,53,219,202,74,38,223,243,60,24,196,277,43,21,179,309,35,14,155,
184,206,378,109,132,200,231,167,133,156,140,210,163,117,82,219,197,88,54,214,244,62,30,193,281,50,19,168,314,39,13,146,344,26,7,129,
199,229,350,71,142,204,220,153,142,157,147,200,143,124,105,232,186,102,71,211,222,80,47,197,257,59,27,183,291,46,19,162,327,30,13,142,
240,198,285,61,172,196,166,131,164,162,96,173,183,113,52,203,205,78,35,216,240,62,29,197,286,40,20,173,327,33,14,139,351,32,10,116,
181,236,385,82,121,206,224,172,125,166,154,208,150,124,95,225,183,80,57,236,226,64,39,209,270,44,19,185,300,33,11,166,332,28,8,139,
215,230,329,54,177,190,198,132,167,171,118,161,190,116,60,193,215,85,30,199,254,65,15,180,302,38,10,159,328,30,9,141,357,19,4,123,
270,173,232,56,207,174,141,118,200,128,85,171,227,95,56,177,243,67,32,189,278,56,20,165,301,38,11,160,334,31,9,134,361,25,8,113,
214,207,275,78,170,173,181,156,172,122,107,205,190,88,72,221,212,77,54,210,245,59,32,195,279,52,18,168,304,34,14,161,334,28,10,137,
198,221,360,80,130,208,240,161,125,156,142,218,142,123,76,234,187,85,48,227,216,62,33,221,261,43,16,195,299,30,12,170,342,25,13,132,
199,231,327,69,163,200,206,136,156,153,137,190,174,121,80,204,188,87,48,224,228,54,30,217,262,48,17,189,299,31,8,169,331,27,8,141,
236,199,302,64,151,200,198,148,147,153,117,199,166,120,82,213,197,96,53,206,234,79,36,186,279,54,23,166,319,38,14,142,351,19,11,129,
286,164,226,49,212,172,142,115,199,145,85,155,204,122,58,173,224,96,44,179,258,69,28,172,295,49,19,155,319,39,13,141,348,27,11,124,
241,195,247,63,181,177,167,141,185,152,99,162,188,120,63,191,223,80,51,196,254,67,29,178,294,42,15,163,335,26,9,138,362,23,5,114,
194,223,357,82,139,198,214,162,143,165,119,191,166,116,73,217,197,89,51,213,237,67,34,195,263,51,23,185,303,42,15,154,328,27,6,144,
247,195,257,57,179,168,176,152,172,141,108,186,190,111,69,198,212,76,43,211,246,56,28,197,289,41,21,169,314,37,15,148,345,28,8,126,
204,230,307,65,163,190,192,146,155,164,123,180,166,125,75,208,197,86,47,216,234,73,25,192,273,57,19,169,311,36,11,152,345,29,4,125,
189,234,346,76,128,201,213,170,121,165,131,213,152,123,78,224,193,98,56,208,216,85,37,198,256,55,19,188,305,33,12,161,337,25,6,137,
229,203,288,67,171,202,185,126,155,156,116,188,163,119,71,217,192,91,50,216,222,67,40,210,256,59,31,184,284,50,17,165,313,34,13,152,
185,235,342,79,136,210,220,153,137,166,159,196,156,129,95,214,184,99,55,216,217,68,38,214,243,54,26,202,282,35,12,182,318,23,10,158,
205,226,354,68,145,207,215,147,142,161,134,196,151,133,83,215,177,109,55,213,215,82,31,202,247,51,25,201,288,37,20,174,313,37,10,149,
252,189,228,58,205,166,145,128,187,131,103,181,204,100,61,195,221,83,37,195,260,58,24,181,299,44,14,156,328,35,11,136,349,28,7,122,
253,190,232,56,185,176,140,138,185,129,80,185,208,110,50,181,235,77,34,187,265,59,24,175,300,47,19,152,328,36,12,135,350,30,5,119,
276,179,239,44,218,166,142,115,210,128,81,161,232,101,52,166,259,71,31,169,283,59,23,157,312,40,21,147,338,33,15,128,359,28,9,112,
240,192,274,67,167,181,181,151,168,145,116,186,173,127,72,199,203,86,37,210,244,68,27,187,267,44,17,188,304,34,9,161,346,25,4,128,
232,206,291,61,172,203,193,124,161,171,123,167,184,121,93,194,218,99,55,182,242,73,43,184,272,57,28,170,313,43,18,143,333,32,10,134,
190,238,407,71,103,230,257,166,113,167,160,219,147,133,97,219,168,99,57,232,210,75,40,214,245,57,23,197,280,33,13,186,325,20,6,154,
262,181,241,56,205,170,153,124,198,135,89,166,206,106,55,187,230,69,35,200,249,47,22,203,271,41,15,187,311,28,10,160,348,15,5,136,
204,213,352,82,141,206,223,152,124,157,148,218,149,106,99,244,182,85,58,232,213,71,43,215,256,59,28,184,282,44,14,173,323,32,8,144,
258,184,271,57,193,171,181,135,173,148,113,178,192,117,75,190,220,84,43,195,254,63,28,182,284,55,21,160,306,36,10,157,340,30,8,129,
227,203,257,69,172,196,159,131,166,161,100,172,201,116,55,182,217,92,38,190,243,76,31,180,267,66,26,166,295,45,15,159,335,27,8,137,
211,220,360,68,134,210,233,155,125,171,132,203,134,125,88,240,167,90,58,242,200,69,38,230,256,45,24,198,289,39,19,171,320,37,14,142,
186,225,380,88,125,207,247,167,114,172,147,213,139,128,84,232,161,105,52,233,197,71,36,231,244,55,19,200,275,38,12,186,312,28,5,159,
198,219,341,82,130,212,208,157,132,163,124,204,161,121,79,217,196,82,50,221,233,72,37,194,256,56,22,187,277,42,20,180,306,36,17,157,
228,198,294,73,165,197,182,137,154,163,119,182,174,111,71,214,205,79,44,215,242,62,20,195,285,38,16,176,319,25,12,155,357,19,10,123,
190,242,321,67,140,205,210,154,137,174,126,188,169,116,77,214,192,96,50,211,223,72,31,204,258,55,17,186,294,36,12,169,321,30,5,148,
239,201,326,59,150,212,200,137,135,171,130,193,146,135,84,218,184,95,53,220,221,73,36,205,274,56,24,169,298,35,15,166,324,26,7,149,
219,217,329,63,153,202,200,144,146,149,134,204,169,117,81,213,190,89,48,220,211,73,37,215,238,59,26,202,268,47,19,184,301,40,14,158,
269,166,267,64,212,161,162,126,200,129,103,170,204,111,68,184,224,87,41,188,254,60,26,185,289,46,15,164,321,33,12,145,359,24,11,116,
204,229,334,66,129,223,190,147,120,183,137,196,145,144,90,210,182,127,57,190,210,90,27,199,255,66,17,178,289,50,10,160,325,33,8,141,
209,226,294,64,152,192,162,155,152,133,107,214,176,102,71,221,223,78,47,198,245,63,29,191,282,42,17,175,307,37,9,155,347,24,9,128,
257,182,256,60,198,173,173,128,205,135,107,159,211,122,64,166,244,85,35,170,255,67,26,177,286,49,16,164,318,36,10,145,351,32,11,116,
258,162,230,79,216,157,143,126,200,136,85,163,205,122,51,172,216,105,39,178,255,73,28,171,287,59,16,153,316,43,8,140,342,30,8,127,
271,172,223,56,212,170,138,117,189,144,91,166,205,101,55,193,223,76,33,200,253,56,21,190,283,43,18,173,299,48,15,152,317,39,11,143,
182,245,403,72,119,214,260,166,118,169,170,212,137,116,111,246,176,89,72,234,214,72,49,213,236,66,38,197,272,56,24,171,290,43,17,166,
196,233,372,70,139,209,224,151,146,146,130,207,178,106,73,215,207,84,44,208,247,61,23,191,276,55,19,168,308,39,14,152,335,34,7,130,
208,222,345,69,137,211,216,151,139,162,139,198,159,120,88,220,193,94,61,212,229,77,37,193,265,67,23,167,287,49,19,163,321,34,13,144,
208,222,276,69,155,181,172,163,155,144,110,200,180,110,76,209,213,95,50,191,228,75,37,196,245,62,19,192,276,51,13,172,322,31,9,146,
238,193,272,68,169,202,159,128,160,175,94,164,173,133,58,193,209,92,33,198,246,67,21,186,296,50,16,153,326,31,14,142,353,22,7,124,
266,172,227,61,192,179,150,128,187,128,104,184,196,107,65,196,222,84,36,193,250,63,29,186,269,53,16,177,306,37,7,156,337,33,6,129,
239,185,301,75,168,196,188,135,148,180,107,171,185,125,60,189,214,85,35,200,252,65,24,182,280,51,15,168,325,30,11,144,363,22,8,114,
219,209,321,71,170,189,194,140,164,160,117,175,193,112,65,194,226,91,44,182,249,66,29,184,284,48,16,167,324,35,14,140,339,34,12,126,
252,201,235,46,194,179,144,126,185,139,88,175,208,109,62,182,230,74,38,195,267,60,26,172,293,45,16,161,319,44,11,136,355,34,7,110,
163,248,375,88,111,209,212,179,136,146,131,217,158,105,83,236,188,80,54,231,232,71,37,196,256,46,28,197,293,41,16,165,315,32,10,152,
179,246,378,74,124,221,224,154,123,176,140,200,133,149,90,217,166,111,49,222,205,71,27,223,246,50,15,203,279,36,7,184,321,28,6,150,
248,192,263,59,182,174,167,143,176,142,117,181,189,112,74,198,213,85,45,201,244,64,27,191,277,48,18,174,313,41,15,145,331,25,11,143,
223,207,350,69,143,200,215,156,153,158,138,188,161,119,84,219,176,97,55,226,224,65,31,210,264,38,19,197,316,31,13,152,353,22,10,124,
261,171,250,67,198,182,152,119,184,152,98,163,209,108,65,182,232,84,48,183,264,57,33,178,298,45,19,156,328,40,9,131,361,28,6,110,
255,192,254,52,194,191,153,114,180,152,102,167,193,115,70,191,222,92,46,185,237,81,31,181,265,65,23,169,284,54,19,161,309,45,9,145,
173,241,383,85,132,214,236,153,132,158,140,209,148,126,88,225,170,104,52,225,211,80,25,208,263,51,14,185,302,33,9,164,336,24,6,139,
208,212,333,79,157,192,210,150,157,161,121,181,169,123,73,207,207,85,45,207,236,72,32,191,275,55,18,169,305,37,15,157,328,33,12,138,
223,210,279,66,166,192,191,141,156,151,119,192,187,124,73,188,212,90,50,197,251,73,29,175,281,45,16,173,319,33,12,147,353,23,8,123,
193,236,367,70,142,199,206,158,142,148,114,209,160,104,70,235,212,68,44,219,249,61,24,189,292,31,13,176,323,22,9,154,354,20,8,125,
213,221,330,65,147,195,193,157,150,150,128,199,175,127,94,197,206,90,61,203,230,72,39,197,271,52,24,176,307,39,19,153,322,38,13,139,
244,185,271,70,180,180,160,139,169,144,100,186,183,104,61,212,228,87,46,184,250,74,32,175,268,55,22,176,303,50,14,146,327,35,12,137,
166,239,378,94,131,220,233,148,127,178,145,194,151,144,97,204,170,109,61,220,204,80,32,215,252,57,26,190,289,41,15,169,317,28,12,154,
185,246,407,68,120,211,244,168,125,146,154,228,148,110,96,241,183,84,61,232,206,67,41,226,241,58,27,200,285,37,17,177,319,30,8,150,
234,184,287,81,191,176,174,132,173,146,102,180,193,117,59,189,226,85,38,188,256,64,26,179,287,38,18,174,308,32,10,159,333,34,10,132,
192,235,360,72,129,221,232,149,125,171,155,203,153,121,102,225,183,93,70,223,221,74,42,204,258,63,28,178,290,36,15,173,323,31,9,145,
283,163,240,53,202,185,158,112,175,158,87,166,198,105,60,196,230,70,37,199,267,55,26,177,288,43,19,168,311,34,15,154,328,36,12,135,
276,166,209,57,214,174,133,111,207,137,84,155,224,110,49,165,246,75,33,178,289,56,21,154,318,46,15,135,344,37,10,118,351,30,7,118,
182,238,370,79,121,194,228,184,116,148,141,235,133,105,89,261,165,75,60,259,215,53,32,231,262,45,17,192,301,29,16,169,330,24,14,145,
248,183,237,68,194,178,146,127,195,143,92,161,206,109,50,184,243,72,34,184,276,53,24,170,309,32,16,158,337,22,11,140,368,18,8,113,
177,238,379,84,116,197,229,186,127,139,137,233,162,101,80,236,199,88,49,212,232,66,30,201,275,52,19,172,313,40,14,146,341,30,6,128,
272,170,224,57,203,173,139,123,206,143,86,150,218,103,64,178,247,88,37,164,272,65,20,162,303,37,14,159,326,35,10,138,355,23,5,121,
197,233,356,69,145,205,225,149,144,161,146,194,142,126,94,231,175,101,74,223,218,80,39,201,252,56,22,191,276,49,14,174,319,38,12,142,
244,199,259,56,192,173,159,134,184,128,106,187,200,101,74,198,217,88,47,194,247,64,33,188,273,53,23,173,313,33,16,153,341,31,7,127,
213,223,357,63,140,213,211,146,148,177,135,174,169,128,91,202,195,104,60,200,219,71,36,209,245,53,33,201,273,47,21,179,296,34,12,169,
227,201,334,71,147,207,210,145,132,175,139,192,165,129,81,205,190,96,57,213,232,63,37,204,262,44,21,193,295,35,15,169,327,24,11,148,
220,207,322,72,158,201,196,140,152,169,120,178,177,120,85,202,217,105,54,177,245,81,30,173,283,51,18,165,317,36,15,146,343,30,11,126,
232,203,267,64,165,216,171,118,167,162,114,170,177,122,68,200,201,98,41,200,242,72,22,185,287,54,14,158,316,34,10,149,348,25,8,126,
190,232,358,77,132,216,228,151,128,169,149,202,151,122,93,226,181,92,56,226,220,80,39,199,251,73,29,175,282,54,18,163,316,36,10,147,
170,234,388,95,135,201,242,163,134,168,155,197,147,136,97,216,182,102,54,215,229,78,37,192,257,66,22,176,282,40,11,177,318,26,8,155,
213,215,324,71,138,207,194,154,143,164,122,192,154,130,75,215,184,88,48,227,221,62,26,216,267,43,14,189,301,37,10,161,334,31,3,134,
242,202,251,55,191,196,148,112,193,146,79,160,199,110,45,190,238,79,29,182,266,65,16,168,302,42,11,155,326,26,6,147,362,15,4,122,
241,198,303,60,167,189,183,143,160,167,117,172,183,125,73,191,196,95,48,208,233,78,29,188,268,60,19,171,299,39,13,161,326,32,7,141,
196,231,329,72,148,201,205,150,146,163,146,190,179,125,92,195,202,86,61,211,245,66,41,188,273,57,25,169,311,39,13,149,346,29,12,124,
255,183,241,61,195,172,146,132,191,136,92,172,215,104,61,180,242,71,34,186,271,54,25,174,307,42,14,150,321,42,7,136,353,21,3,125,
229,191,289,79,161,190,173,148,160,133,104,206,176,112,68,211,206,96,50,197,231,73,29,195,271,40,20,188,311,22,10,166,343,17,6,139,
211,209,348,79,143,188,209,168,143,148,136,208,161,121,85,217,177,87,50,235,230,67,25,202,273,40,15,186,303,29,14,167,331,17,10,151,
225,199,309,75,156,204,195,139,157,157,130,185,180,114,70,205,203,84,46,212,234,71,25,194,266,56,16,177,301,33,10,165,341,17,4,141,
251,181,245,67,203,162,152,134,182,148,98,169,206,112,65,181,221,84,44,194,257,61,31,181,298,49,18,152,327,44,12,128,349,33,4,117,
278,162,194,59,212,173,130,114,192,134,84,173,205,97,56,197,245,77,35,177,272,60,17,167,308,46,12,145,340,33,9,126,362,21,3,116,
191,239,335,69,135,212,218,152,135,156,149,208,153,132,94,214,173,107,59,219,213,75,28,211,261,56,19,182,297,37,15,165,330,31,10,138,
205,205,365,89,134,201,238,164,131,167,155,201,142,127,95,230,183,92,63,224,215,66,44,218,247,56,28,196,294,42,18,163,325,33,12,141,
215,223,302,61,161,205,192,133,158,159,121,182,167,124,76,208,195,91,48,213,230,66,26,203,273,48,19,178,307,37,15,155,337,31,8,131,
182,241,374,76,119,206,237,174,128,145,150,226,145,121,108,233,167,94,71,238,205,72,43,222,241,56,27,202,285,43,16,171,312,31,10,156,
192,215,347,92,140,188,218,171,151,151,130,197,163,108,75,228,201,78,48,220,242,52,34,205,277,45,27,177,322,35,13,142,346,26,6,127,
193,233,375,73,129,209,250,161,138,174,164,187,145,141,104,213,182,106,72,211,213,85,52,201,255,57,26,187,296,40,16,163,323,23,13,153,
230,208,279,61,167,203,167,129,182,153,110,164,191,133,67,175,209,99,50,191,240,78,27,181,269,54,19,176,294,45,11,160,330,27,8,142,
226,204,282,69,180,175,170,144,173,154,110,172,194,111,63,194,235,83,36,181,268,59,22,172,307,35,15,157,329,26,8,144,360,27,6,112,
197,233,336,69,129,206,207,164,139,156,138,204,144,138,82,217,187,106,45,206,220,70,33,209,264,50,24,185,287,41,12,171,319,27,9,153,
196,208,401,95,143,193,268,163,128,166,183,205,152,133,110,214,168,103,67,228,206,74,49,219,245,53,29,201,286,44,15,169,314,40,10,145,
253,194,235,52,216,164,144,119,212,114,91,173,218,95,55,186,237,74,36,188,281,48,22,170,316,41,16,142,348,38,13,113,364,31,7,104,
197,227,330,75,136,227,217,136,123,183,136,193,141,130,95,228,165,83,51,251,203,70,31,226,240,55,16,204,287,40,13,172,312,38,6,149,
181,243,393,75,133,224,235,142,137,176,150,186,160,125,105,214,184,95,68,220,224,68,40,207,260,55,28,184,298,48,17,153,329,31,13,139,
230,205,319,64,164,188,182,147,173,141,119,185,186,110,61,203,217,81,34,201,240,67,27,192,278,49,20,172,312,36,12,151,340,26,5,133,
187,234,348,78,146,194,236,159,135,174,150,190,154,126,85,219,188,96,50,215,235,71,28,193,263,58,22,178,293,41,17,165,329,35,12,135,
177,239,357,83,135,204,239,160,121,175,143,203,141,124,77,234,173,94,46,232,211,67,28,221,242,51,17,206,287,36,9,176,318,23,5,158,
221,208,308,70,168,178,187,153,174,139,114,186,190,115,75,194,215,72,53,212,233,63,26,203,276,52,18,171,310,39,10,150,344,33,6,122,
227,199,303,73,164,191,205,144,153,166,137,180,164,126,86,209,184,96,64,219,208,75,43,216,233,62,32,204,263,42,21,194,303,33,12,163,
172,240,372,87,132,193,215,174,137,163,145,199,149,127,90,223,187,94,63,218,211,72,38,216,242,65,27,192,268,54,25,177,302,45,18,152,
198,227,357,74,140,196,219,163,129,169,153,201,146,120,99,233,178,88,74,233,211,67,47,221,249,50,26,200,283,42,23,174,327,29,11,143,
198,212,319,89,151,189,185,159,157,137,119,205,167,106,83,226,180,97,61,222,228,81,36,190,263,57,22,179,303,40,15,156,331,29,11,139,
230,202,301,67,154,186,191,159,155,149,127,195,181,109,77,209,194,88,48,217,225,71,32,203,260,59,24,180,285,45,17,169,313,41,11,145,
199,210,351,90,136,217,228,146,131,168,144,200,153,131,100,215,183,94,52,222,227,69,37,203,267,47,23,185,300,38,15,161,333,28,9,138,
229,209,320,61,151,193,198,155,148,131,131,220,187,107,81,205,219,88,47,192,245,55,26,199,283,49,16,167,316,32,12,151,341,28,10,130,
184,250,367,65,103,236,239,160,115,170,134,214,146,119,77,234,180,85,51,234,218,68,28,213,264,51,21,184,298,40,13,161,337,28,13,134,
186,238,394,75,125,230,255,144,121,188,159,190,140,129,108,230,173,94,65,232,207,77,32,215,242,47,14,210,279,36,7,184,310,28,5,161,
275,172,240,52,209,182,157,108,204,155,102,140,199,123,76,177,210,97,44,192,246,70,21,183,286,45,10,168,317,23,2,159,356,7,2,136,
173,249,418,77,115,224,237,160,126,162,153,211,150,118,91,231,184,90,55,225,221,68,34,210,266,50,20,183,301,33,14,165,333,31,11,135,
254,188,221,57,196,188,141,115,194,159,88,146,209,116,48,174,228,84,35,187,272,60,23,167,301,46,19,152,329,35,10,135,346,30,6,123,
275,169,204,55,213,147,135,139,197,130,88,172,212,95,63,192,243,62,41,194,266,50,22,183,310,35,14,154,341,25,10,133,364,21,6,114,
274,164,234,61,210,162,148,127,203,135,96,161,217,108,57,174,245,75,30,179,284,52,19,163,307,30,9,162,340,25,6,134,372,17,3,110,
174,241,366,84,134,198,220,167,131,145,143,223,151,114,84,234,195,71,49,233,228,62,28,209,264,52,16,183,303,35,13,161,333,30,8,136,
242,201,277,56,192,171,157,136,172,131,90,196,191,106,67,202,226,78,38,195,256,57,21,186,291,47,16,161,316,39,13,144,343,26,7,130,
187,229,339,83,131,189,211,179,145,146,125,208,161,102,70,236,198,77,44,224,241,57,31,201,276,36,17,187,309,22,12,168,339,21,9,139,
204,225,351,70,145,218,207,136,133,178,118,188,168,133,84,198,186,92,56,221,227,68,41,204,256,51,29,192,287,35,21,177,311,26,13,162,
227,201,289,71,163,196,185,140,161,154,99,184,174,125,65,200,192,97,35,210,239,69,18,191,288,44,12,167,325,32,8,142,353,23,6,123,
234,196,246,69,179,182,153,138,176,147,102,176,192,110,62,197,212,94,40,193,249,64,30,186,277,53,20,169,301,47,13,151,330,30,8,139,
238,197,257,64,197,175,161,127,180,149,91,170,188,113,58,198,224,86,34,189,258,56,17,185,300,37,14,162,329,36,9,134,353,26,7,120,
209,216,304,74,157,184,194,158,154,140,105,205,181,99,73,219,218,74,47,207,253,55,31,191,275,50,22,174,300,46,13,153,329,41,9,129,
214,215,339,70,148,218,217,133,144,165,149,190,158,115,82,226,194,82,49,223,227,56,35,216,256,48,23,195,296,35,22,168,327,32,15,140,
258,182,237,59,205,164,142,130,203,122,98,174,210,104,60,185,238,81,32,180,266,55,22,178,298,43,14,158,331,31,12,137,354,30,8,115,
198,212,322,89,141,196,197,162,133,153,131,213,157,121,73,221,181,86,47,232,215,65,30,219,262,55,23,182,295,56,18,148,331,46,13,122,
215,214,299,70,149,208,199,142,146,163,118,190,156,126,79,217,185,104,57,210,206,79,46,214,236,62,32,201,267,43,26,189,296,34,13,169,
264,176,224,59,200,162,149,137,181,133,107,185,192,114,61,193,212,81,40,206,242,56,25,201,278,42,15,179,312,33,13,154,340,19,6,140,
242,197,291,60,167,199,179,133,154,159,102,186,178,112,63,209,216,87,41,196,248,63,28,188,289,47,21,163,329,38,12,132,355,31,6,113,
205,224,347,70,143,205,202,151,140,156,116,203,163,126,67,210,202,92,39,205,236,72,30,191,266,55,14,178,290,44,9,165,315,33,6,151,
217,203,334,79,163,181,203,155,152,142,118,205,182,102,65,215,208,84,43,207,240,67,25,192,285,47,16,167,326,28,9,145,353,23,7,123,
167,248,393,84,106,214,232,179,126,157,150,216,149,125,82,225,190,84,45,225,227,57,28,215,270,39,17,190,303,32,11,164,325,28,9,146,
190,243,364,66,126,220,217,153,122,162,119,215,136,132,74,231,169,91,44,239,218,65,28,216,252,51,17,196,287,32,10,180,320,30,9,149,
284,156,215,59,222,169,134,108,198,135,85,166,198,112,54,189,225,93,39,181,245,76,28,178,265,55,20,179,303,42,16,154,342,32,11,125,
235,203,321,61,163,202,192,134,154,168,114,177,168,126,71,205,206,84,47,209,247,67,36,185,270,49,25,180,296,42,17,161,329,38,11,132,
257,184,257,58,199,174,160,126,188,131,96,180,202,104,67,193,234,78,44,187,265,54,28,180,289,46,15,164,334,33,9,132,350,31,8,118,
178,237,356,84,133,198,217,168,135,144,132,220,161,105,87,233,194,81,52,224,224,54,32,221,266,38,17,195,306,35,15,158,325,25,11,149,
208,222,307,69,153,207,187,139,158,158,123,183,158,122,77,219,189,87,51,223,226,66,27,207,263,54,19,182,299,47,11,153,333,32,7,134,
167,255,396,77,110,226,250,163,114,174,146,211,148,123,95,228,180,93,62,226,228,67,39,204,264,53,25,182,297,37,13,165,323,22,8,154,
201,222,304,76,150,210,183,139,152,160,108,187,184,114,61,201,204,87,41,208,239,65,28,195,271,44,19,184,304,33,14,162,328,25,7,146,
268,189,233,42,197,194,153,108,179,159,95,161,203,121,58,175,235,83,35,181,250,69,22,180,288,49,17,162,322,33,9,144,350,21,5,128,
281,163,229,55,207,177,144,115,193,147,90,159,216,99,71,184,238,77,43,184,262,71,25,166,301,41,17,157,323,33,10,143,343,26,5,130,
175,244,389,80,116,222,250,161,104,178,149,217,146,115,88,238,205,72,57,222,239,52,31,208,281,45,16,173,306,32,11,161,337,18,8,144,
259,182,240,58,206,164,130,129,213,121,81,165,231,98,41,170,261,87,20,151,293,64,15,142,316,42,8,141,355,29,6,115,378,20,4,101,
227,202,300,70,171,186,183,142,174,151,121,174,190,105,84,204,212,83,61,204,244,65,33,190,290,47,20,162,326,34,14,139,360,26,7,113,
204,215,308,80,157,177,176,165,165,140,105,194,172,109,69,218,185,87,49,227,237,62,32,200,278,54,28,167,312,42,21,145,340,29,13,130,
201,229,370,69,139,211,230,149,140,160,143,199,156,129,87,214,190,89,49,220,208,65,34,226,254,48,24,197,285,44,15,170,315,33,6,151,
231,202,294,66,162,195,183,142,165,148,109,186,188,107,68,204,221,77,41,201,255,70,26,174,290,49,18,160,306,43,11,150,327,35,10,137,
261,192,238,46,199,181,172,119,183,145,107,171,190,111,71,198,214,89,51,196,241,65,34,193,270,55,29,174,294,49,22,156,322,31,17,146,
224,215,308,60,148,209,187,142,139,174,119,186,171,118,77,210,209,91,52,199,237,64,36,198,267,59,20,173,297,40,11,162,340,22,5,137,
221,205,312,73,176,171,171,152,164,138,120,197,183,108,77,208,217,78,54,204,253,63,29,183,280,51,19,168,313,43,9,143,335,29,6,135,
250,196,269,53,167,199,175,133,166,144,113,189,184,104,66,211,207,93,39,199,239,65,23,195,271,48,15,180,308,33,9,158,335,26,8,138,
278,165,220,56,213,163,136,123,195,143,88,161,218,101,49,180,259,66,27,174,297,52,13,150,314,39,4,146,335,26,3,138,364,17,3,118,
194,226,395,79,106,220,239,173,118,164,159,217,139,128,103,232,172,96,66,231,202,80,44,217,224,65,28,210,264,54,18,181,293,37,14,169,
212,220,311,67,159,199,191,141,156,158,118,185,171,112,73,216,219,87,39,193,246,69,25,184,280,47,11,172,315,31,10,153,344,26,7,129,
198,231,345,70,145,216,211,138,146,166,127,187,158,120,88,221,193,92,55,214,229,61,33,209,270,40,19,189,314,35,12,150,350,22,9,127,
202,219,288,78,156,194,181,149,164,146,102,189,184,111,70,204,219,78,40,202,249,61,27,189,291,38,18,170,324,22,10,153,367,17,7,115,
198,224,317,77,139,208,206,152,144,154,128,201,176,106,82,217,216,81,54,202,250,63,37,186,266,60,25,173,280,52,13,167,312,37,7,150,
277,175,229,47,192,183,143,124,177,139,87,183,207,107,55,185,227,89,28,183,255,64,23,180,276,52,13,171,300,41,7,158,330,33,5,136,
185,228,371,86,125,216,235,158,130,173,146,196,152,121,96,226,191,87,59,221,209,65,40,225,252,49,21,198,294,34,14,171,329,29,9,141,
247,189,245,63,206,155,131,138,213,103,85,183,226,89,52,184,253,62,35,184,277,49,25,173,303,39,17,157,319,34,10,146,338,28,8,133,
212,196,348,91,129,196,231,174,141,155,133,203,167,110,83,222,199,79,46,221,252,59,27,188,282,46,19,171,320,34,11,145,349,30,8,120,
228,206,304,65,182,167,194,150,178,129,129,192,197,96,85,206,221,85,57,193,236,82,32,181,256,71,20,172,290,43,12,166,322,31,6,146,
280,164,227,55,202,189,146,108,187,159,92,153,198,129,58,172,214,92,36,193,248,69,25,182,282,47,22,170,321,41,18,137,342,29,12,128,
266,183,231,50,204,169,136,126,187,128,88,184,206,95,53,198,235,80,37,184,266,71,24,162,293,52,19,154,321,42,11,136,352,32,7,115,
182,242,360,75,140,211,232,148,129,151,145,219,142,123,96,234,176,91,56,232,214,71,41,214,252,54,22,193,280,53,19,166,319,38,7,142,
269,173,247,57,196,175,156,128,192,136,96,171,210,101,68,188,245,74,43,180,280,58,30,161,309,55,19,135,334,38,14,127,358,32,9,109,
192,228,345,79,147,203,224,149,153,163,140,183,166,136,90,197,199,97,56,203,214,76,36,209,255,52,17,192,285,33,13,181,314,19,8,166,
176,235,415,88,111,214,262,174,124,156,157,219,152,117,109,230,188,99,72,212,221,74,45,204,250,61,33,188,287,42,18,170,321,32,12,146,
214,231,332,54,151,204,204,144,134,168,120,197,159,131,84,209,178,103,55,218,210,84,37,205,237,66,27,196,269,51,20,179,297,34,13,168,
263,165,246,71,218,153,145,128,217,123,98,159,223,94,68,182,255,75,39,169,285,57,23,157,311,43,14,145,337,33,11,129,354,25,9,120,
178,244,377,77,113,220,217,166,123,169,144,207,154,130,87,215,196,92,57,211,232,73,37,194,269,57,23,173,292,56,20,151,321,38,14,140,
176,230,380,93,117,203,245,179,118,167,143,214,146,124,92,229,181,84,55,234,228,56,32,215,266,36,19,197,306,27,14,166,330,23,9,146,
235,197,313,67,164,188,185,147,153,137,126,209,161,118,79,220,195,86,46,218,241,60,36,198,275,41,22,183,307,35,11,157,340,24,8,135,
194,228,352,77,152,181,217,166,141,140,134,218,161,112,84,226,181,90,51,228,210,65,34,224,240,48,25,211,272,32,21,195,313,25,7,161,
257,183,245,59,188,178,141,133,180,137,82,182,219,90,41,190,251,60,31,188,291,40,19,168,318,30,11,151,343,25,5,131,366,17,4,116,
274,159,224,66,223,150,130,126,212,125,90,162,226,96,50,177,255,73,34,171,292,50,21,157,328,37,8,134,358,24,4,117,375,18,5,106,
243,196,227,60,199,164,131,136,190,120,88,189,196,87,55,216,235,62,36,202,265,58,21,176,299,43,13,157,332,31,8,136,363,13,8,123,
273,159,227,67,218,150,128,131,210,135,83,154,231,104,48,164,255,72,28,172,283,52,19,164,311,36,14,152,341,23,11,135,364,15,5,120,
220,202,311,77,164,179,190,156,156,143,119,200,191,118,89,190,205,96,54,198,244,69,35,186,284,45,24,170,306,39,14,154,327,38,11,134,
193,235,348,71,146,194,212,159,150,155,133,194,173,118,81,208,204,99,51,196,250,68,32,181,291,47,18,161,321,40,15,138,344,36,13,119,
219,213,335,67,152,183,197,164,147,156,123,196,156,126,81,217,196,92,55,211,229,81,33,189,258,67,26,174,290,49,15,160,320,33,9,146,
185,237,393,77,133,213,243,153,122,183,158,194,148,127,106,224,179,93,63,227,215,78,42,206,258,56,31,185,295,39,18,165,329,32,13,138,
272,174,245,53,203,178,165,118,177,160,114,162,184,126,76,189,202,100,49,197,242,66,26,191,290,39,14,170,323,24,9,152,352,20,6,127,
266,189,229,44,208,173,148,118,203,141,97,155,215,120,66,164,235,84,43,180,273,75,26,151,304,48,19,147,334,35,11,130,367,22,6,110,
256,196,227,47,211,171,128,117,203,136,83,160,206,111,55,182,232,80,33,187,265,53,22,181,304,35,12,160,335,26,9,138,360,18,5,121,
216,203,316,80,164,177,215,158,154,149,128,196,180,114,90,205,202,93,56,204,230,75,39,194,263,57,30,179,283,46,20,170,311,43,13,145,
188,239,372,72,126,209,233,164,130,178,147,191,164,132,80,203,188,102,47,209,229,78,32,192,262,55,24,182,297,43,14,159,328,31,8,140,
274,170,233,55,211,175,150,113,191,145,91,163,213,111,53,175,236,86,35,177,271,57,25,171,309,46,15,144,344,37,11,118,370,28,9,101,
195,222,375,82,134,202,235,163,131,161,134,207,160,120,86,219,203,88,51,208,228,74,38,197,261,58,29,180,294,45,22,160,325,30,16,144,
212,212,332,75,155,170,201,174,140,144,134,215,155,114,92,230,196,94,58,209,226,75,36,198,251,57,26,191,285,37,16,177,315,24,9,160,
266,187,233,46,205,174,140,120,207,122,81,170,219,98,56,182,238,77,35,184,284,60,22,155,313,34,16,152,345,24,16,130,375,20,9,104,
253,187,235,59,198,164,154,137,188,120,95,191,208,101,58,190,232,86,39,181,261,63,25,175,302,44,16,153,328,33,14,138,348,29,10,122,
168,237,358,94,112,210,233,177,120,158,153,221,150,128,94,221,185,89,53,225,224,64,32,211,274,34,16,191,322,21,8,156,353,18,2,128,
197,222,381,80,136,215,234,148,125,153,148,221,160,122,98,217,187,105,70,207,216,76,46,207,260,65,29,174,286,54,24,159,300,42,18,157,
178,243,365,78,132,214,229,153,132,170,138,197,168,125,95,206,188,100,54,211,217,84,37,198,246,59,22,194,276,43,20,180,306,34,14,159,
200,233,349,66,128,209,228,162,137,155,135,207,160,117,86,222,189,100,49,210,226,62,28,211,277,41,17,181,300,41,17,158,336,30,12,133,
170,238,421,91,103,223,255,173,112,176,155,211,150,123,95,226,188,92,60,219,221,70,34,208,258,56,19,185,292,38,16,169,317,31,10,151,
236,196,286,67,189,169,175,141,190,130,122,179,196,103,77,200,219,80,49,200,264,58,37,177,295,45,23,159,328,33,17,138,350,26,12,123,
198,229,327,72,142,207,215,150,135,150,136,214,151,118,77,230,176,93,48,230,224,60,33,215,266,42,21,191,300,24,12,175,328,21,9,150,
201,228,342,70,140,208,207,151,147,160,126,192,163,105,72,231,195,75,41,229,227,62,33,210,256,53,28,190,284,44,18,171,317,34,13,148,
227,198,308,74,174,202,179,123,182,142,105,175,203,126,54,170,227,89,34,183,255,70,18,174,284,46,14,169,318,39,9,142,354,26,7,119,
207,224,332,68,155,199,212,145,141,156,133,202,164,96,81,239,202,71,55,226,234,57,34,208,288,42,18,169,320,32,14,147,347,20,8,132,
188,230,354,81,133,214,229,152,138,169,131,192,161,129,87,209,187,104,51,208,222,80,33,197,261,63,16,175,295,46,13,158,333,30,9,136,
202,224,347,73,146,183,220,170,143,148,136,208,149,120,88,230,180,88,53,231,218,62,39,219,249,43,26,207,305,35,15,159,342,23,11,134,
209,212,304,78,136,214,185,149,131,163,130,205,157,121,79,221,178,96,53,225,211,64,38,224,262,53,19,184,294,40,10,165,327,28,7,144,
225,196,275,78,172,189,178,138,163,156,114,180,178,122,73,199,209,80,42,210,246,56,27,197,280,42,16,177,315,28,10,156,349,20,7,130,
222,223,292,54,159,194,175,146,166,137,109,196,186,109,69,204,211,74,43,214,253,47,32,199,285,43,18,171,316,37,10,146,342,28,9,129,
259,196,201,44,212,176,132,111,193,147,88,159,213,112,50,174,240,84,25,175,278,58,13,163,315,37,7,147,346,34,4,119,365,28,5,106,
241,208,275,50,169,202,177,128,171,144,114,184,186,110,62,203,201,94,39,204,241,66,23,192,276,44,15,179,310,28,8,161,340,23,8,136,
237,186,255,76,173,182,166,144,179,146,118,174,189,117,69,193,216,102,47,181,238,78,26,183,274,42,17,183,308,31,12,160,349,16,6,134,
282,162,209,55,226,167,125,106,211,141,82,147,225,106,54,168,248,82,31,169,277,60,19,162,292,41,13,166,321,27,10,151,344,25,8,130,
205,221,350,73,153,202,215,144,140,173,129,186,158,129,83,212,185,99,53,215,208,78,31,213,254,62,21,183,281,38,14,180,325,30,5,144,
229,209,262,61,181,192,159,126,171,162,106,166,183,130,69,186,207,95,36,197,241,58,19,200,274,39,13,186,317,30,6,152,342,18,3,139,
191,228,359,80,129,213,224,157,127,164,142,208,157,133,89,209,179,101,65,219,204,75,39,220,252,47,16,200,294,41,10,164,325,26,6,148,
218,207,320,74,158,195,194,146,145,150,130,204,171,118,68,210,217,84,40,198,244,59,24,196,290,30,17,179,318,20,10,161,353,17,4,129,
272,174,240,53,194,179,150,126,188,134,91,177,195,94,54,210,231,70,37,198,266,62,23,171,299,43,17,157,328,31,12,140,358,20,6,121,
224,214,308,61,163,208,198,128,145,162,123,192,169,120,74,210,211,89,45,199,251,70,31,178,273,57,22,169,302,37,17,160,332,33,10,134,
187,250,411,62,107,228,266,164,98,171,178,230,127,134,123,238,163,106,85,230,197,94,48,208,239,66,30,194,271,46,23,182,303,40,16,156,
245,191,271,63,186,196,159,117,178,153,99,168,190,115,63,194,208,87,38,204,247,64,22,188,278,48,13,173,309,32,11,158,343,24,9,132,
230,210,286,59,171,182,183,146,160,167,105,172,172,132,67,195,194,98,46,207,234,77,25,188,266,50,16,183,307,36,6,156,338,25,6,136,
237,186,285,76,166,194,175,139,176,151,107,172,191,118,63,190,228,76,39,195,248,65,31,186,279,51,15,169,320,36,8,143,351,22,4,126,
244,193,290,62,174,182,191,143,157,149,129,193,170,122,81,207,189,93,55,217,229,74,36,196,269,58,18,172,289,47,13,163,324,26,7,149,
258,175,242,66,192,171,155,136,195,133,102,171,203,102,67,194,210,93,41,196,260,66,27,173,297,39,17,163,321,38,13,140,343,24,8,132,
166,238,371,95,109,218,262,172,96,186,161,217,133,130,90,236,165,85,68,249,198,72,45,229,240,49,26,210,282,31,15,186,320,27,13,152,
209,210,308,80,137,204,186,158,146,138,117,215,169,97,73,233,196,73,40,230,211,53,32,235,246,40,17,213,285,28,8,186,328,18,6,153,
278,166,254,55,204,168,155,127,202,133,90,164,213,101,62,185,232,69,36,198,263,54,22,182,287,44,13,168,313,39,6,147,341,26,5,132,
212,217,320,70,145,197,200,157,142,147,134,210,161,118,85,220,195,100,44,204,234,63,22,202,283,44,11,172,311,32,9,156,347,20,7,132,
208,221,365,70,124,223,229,152,142,169,149,188,149,131,98,219,178,103,62,218,207,77,42,215,244,62,22,193,271,45,15,183,310,28,10,161,
260,188,248,51,207,180,161,112,192,154,98,153,213,109,63,177,254,74,38,171,289,59,23,151,326,40,12,133,354,25,5,120,372,20,3,107,
191,248,354,60,129,202,201,168,120,167,115,212,155,114,77,230,190,82,50,227,227,50,28,222,256,41,14,202,309,23,8,167,343,17,5,139,
202,220,325,77,144,185,202,170,148,155,120,196,167,121,69,211,194,80,46,225,225,56,31,218,261,46,22,192,292,30,12,177,328,26,9,145,
203,229,362,67,136,202,228,161,135,161,147,203,157,129,86,213,189,88,46,222,230,66,30,203,266,49,21,184,298,38,13,163,334,28,8,137,
218,196,308,85,154,190,196,155,142,150,120,207,174,101,79,224,211,65,51,223,247,56,30,196,265,48,24,186,295,30,15,174,331,13,7,155,
219,222,336,58,152,213,191,134,150,157,109,192,172,128,68,199,198,90,42,211,233,68,30,198,271,59,20,169,301,42,11,156,333,24,6,142,
227,208,310,64,164,199,197,136,156,165,118,178,170,125,81,204,197,92,50,210,226,82,34,191,252,72,24,175,288,55,15,156,309,41,13,149,
234,189,299,76,158,202,180,139,170,147,112,182,198,109,70,192,218,96,40,185,247,71,23,181,280,50,15,169,316,41,12,142,344,31,8,124,
223,213,312,63,153,204,202,142,144,165,134,190,153,118,80,228,200,83,53,216,230,63,38,206,261,49,21,189,287,35,11,177,325,26,7,148,
217,215,325,67,166,188,193,145,166,143,121,190,186,103,75,210,223,77,49,199,260,54,31,185,293,41,17,165,328,32,12,139,352,28,7,119,
228,204,274,67,156,194,174,149,152,140,108,207,170,103,66,226,203,78,41,218,235,59,22,205,261,43,17,195,302,37,11,160,332,30,7,137,
219,212,288,68,154,190,178,155,157,142,105,200,178,112,69,209,220,81,36,198,251,62,22,186,289,48,13,162,308,34,9,157,338,17,6,144,
196,226,356,77,133,206,208,160,147,159,126,193,180,120,80,199,206,70,49,223,245,54,29,200,279,44,16,176,317,27,7,155,354,19,4,126,
214,210,341,75,151,192,208,156,140,169,111,190,161,123,72,215,189,75,44,235,224,51,33,224,255,39,22,205,300,28,15,171,333,18,10,148,
260,169,228,70,210,165,150,124,195,143,95,161,221,95,56,183,244,80,37,175,276,54,17,169,309,35,11,155,336,33,8,130,350,24,5,125,
219,207,300,73,163,199,187,137,155,156,124,188,174,125,79,200,187,103,58,209,226,83,36,190,254,60,22,185,283,42,15,174,311,29,8,159,
208,236,332,55,132,232,202,135,138,158,126,203,149,122,90,228,183,87,57,229,215,70,33,214,244,48,25,207,282,34,15,183,321,23,10,155,
201,228,313,70,156,195,182,148,152,159,119,188,168,116,76,215,205,86,47,208,237,74,32,188,268,51,15,180,312,29,12,158,339,26,7,134,
236,195,272,68,177,190,182,132,170,159,110,170,187,122,76,190,213,95,48,191,249,69,35,181,266,62,22,171,293,47,17,159,328,33,10,138,
194,228,371,77,132,195,233,172,142,161,145,196,153,117,94,229,182,106,55,211,217,82,31,200,266,60,18,173,302,49,15,148,341,26,6,132,
276,167,227,56,219,158,143,122,205,122,96,172,204,98,63,197,234,74,49,191,260,60,35,179,299,46,21,154,326,36,14,137,350,28,8,121,
235,183,290,81,172,173,162,154,173,146,99,180,193,111,57,195,223,85,37,191,260,56,28,183,293,51,18,155,330,36,14,133,349,25,9,125,
204,220,375,75,132,220,223,147,128,164,132,207,139,128,76,232,180,95,53,224,228,72,28,199,258,48,16,193,303,35,12,161,339,23,5,137,
223,205,297,71,158,207,183,134,154,150,111,195,177,95,70,227,212,70,44,217,250,47,26,202,294,33,18,172,326,33,16,140,344,22,11,133,
251,199,235,49,186,196,159,117,175,160,107,164,193,121,71,185,216,93,53,190,243,78,41,178,252,62,27,185,282,47,20,170,311,33,12,155,
202,236,336,61,133,226,208,140,118,169,130,212,162,117,84,220,201,92,59,206,220,77,38,202,267,49,20,183,303,33,11,163,333,25,6,141,
197,230,339,72,146,200,212,153,154,146,143,199,164,117,90,218,201,90,52,208,234,70,32,195,270,47,21,182,306,36,19,157,338,28,8,133,
230,196,294,73,180,189,176,130,170,161,103,168,188,106,62,205,209,80,34,210,261,65,19,173,286,49,9,164,316,28,6,155,340,20,5,139,
202,230,338,67,129,218,212,152,134,154,128,211,153,115,79,231,177,89,54,233,209,71,35,219,244,54,22,201,284,40,15,175,324,32,11,143,
227,198,298,74,168,189,186,142,166,147,111,186,178,109,73,212,209,75,41,215,242,56,23,201,278,45,11,176,315,22,8,162,344,16,4,139,
191,240,368,68,123,213,228,163,128,164,143,207,146,123,89,230,177,81,51,241,218,54,30,227,251,48,22,200,297,42,18,160,324,30,12,145,
192,227,390,80,119,207,250,173,103,164,161,232,135,122,90,242,159,105,68,235,195,81,48,223,225,60,34,214,260,43,17,196,305,33,6,161,
186,239,391,74,107,227,223,165,106,167,143,226,135,112,100,252,171,79,67,249,217,68,37,214,247,50,23,202,282,34,12,183,306,27,9,166,
187,221,362,91,141,199,224,159,150,164,143,185,145,130,89,224,172,96,58,231,211,69,40,219,244,47,29,208,280,39,17,180,314,30,12,155,
252,199,245,48,197,187,148,115,187,152,99,160,199,124,54,176,224,83,42,192,256,61,24,182,292,38,15,169,330,27,9,142,363,17,6,119,
267,175,218,57,201,177,130,121,201,139,89,159,221,99,53,179,256,78,40,165,267,63,25,169,290,51,15,158,324,34,10,141,351,20,10,128,
264,171,234,64,191,183,143,125,184,147,86,168,212,103,46,184,229,77,32,193,264,56,22,179,295,41,16,163,318,37,13,144,335,31,9,133,
217,204,301,78,167,183,178,149,162,145,117,192,190,114,80,195,197,98,48,204,241,70,29,188,276,51,20,172,307,34,12,158,336,26,7,137,
190,220,327,89,134,189,196,176,144,140,119,215,166,113,71,220,207,75,40,217,247,56,20,196,282,37,12,180,327,27,9,145,353,15,5,131,
218,212,354,69,140,211,221,148,128,155,144,216,141,122,92,236,194,94,56,211,227,67,36,205,262,48,24,189,291,37,14,171,323,28,8,148,
261,179,245,59,202,167,149,130,200,123,101,176,217,88,68,194,244,82,44,173,259,61,32,179,287,55,23,157,310,50,12,139,341,35,8,123,
170,243,382,86,126,198,224,175,133,154,134,212,144,107,71,248,186,83,42,230,231,66,31,202,255,59,27,185,293,47,21,159,320,41,15,138,
226,210,287,63,164,189,162,146,164,137,93,198,183,101,59,215,220,69,33,210,270,49,18,180,310,30,14,159,339,23,10,137,362,20,8,117,
270,161,225,68,207,161,140,131,188,140,93,171,212,114,72,173,227,98,44,174,238,81,33,180,269,64,22,166,298,44,15,157,336,38,6,125,
190,227,340,82,126,213,209,160,119,169,148,211,155,124,101,220,179,93,56,227,221,80,29,198,254,59,20,186,281,41,11,177,293,31,8,175,
207,219,341,73,155,212,208,132,152,170,138,177,162,137,75,200,193,86,45,220,238,71,22,190,273,41,14,185,302,38,13,159,339,31,14,129,
202,217,306,80,146,194,188,159,143,157,111,199,177,114,71,208,194,90,39,215,235,63,25,201,271,40,15,188,311,25,10,163,353,22,4,124,
227,198,303,74,164,184,188,151,162,144,115,193,172,117,73,210,206,70,44,223,244,49,29,206,282,36,22,181,315,37,11,147,344,27,6,128,
172,253,403,74,104,228,258,167,104,177,158,218,134,139,103,226,157,107,62,235,192,93,46,214,234,76,29,189,272,52,13,175,298,38,10,163,
274,165,224,60,225,158,135,116,213,125,87,161,230,97,52,172,243,82,31,174,283,64,14,152,315,47,9,137,339,38,5,122,357,26,5,116,
239,202,261,58,191,166,147,142,186,125,94,188,204,102,56,193,233,71,39,195,270,55,27,174,291,47,21,161,320,41,10,138,343,27,7,129,
191,225,354,83,138,192,209,169,151,145,131,203,165,122,87,212,189,105,46,205,214,85,32,200,247,61,18,191,280,41,12,178,319,23,8,157,
229,201,323,69,155,196,200,148,153,145,132,201,163,135,78,201,176,109,48,214,217,80,21,202,260,54,14,185,295,42,12,162,320,34,8,145,
210,214,320,75,148,192,204,159,148,154,120,197,172,117,81,210,218,88,51,193,253,69,31,177,291,53,20,155,323,33,15,143,344,30,8,125,
218,214,328,67,150,208,204,141,147,165,114,187,169,122,72,208,209,96,49,194,238,75,32,186,266,52,21,181,302,41,12,156,330,27,4,142,
212,223,350,64,133,214,215,152,129,166,141,204,168,115,90,216,196,91,52,212,231,68,35,200,258,56,19,185,284,46,17,169,308,36,14,155,
189,218,369,92,115,214,232,170,109,162,138,228,144,111,87,244,176,81,57,242,222,61,39,216,249,43,22,207,281,39,16,179,314,31,11,154,
205,216,346,78,133,213,222,153,133,163,144,203,143,125,89,231,182,108,52,209,217,78,27,204,260,55,17,184,294,38,9,167,322,28,4,149,
227,213,261,59,178,189,172,132,165,156,112,178,186,120,66,193,213,97,37,189,245,72,23,182,275,53,18,171,309,36,16,154,337,28,10,134,
194,242,376,63,132,235,229,132,127,174,138,198,149,144,88,206,187,98,52,214,216,72,37,211,242,50,25,207,277,41,11,181,306,30,7,163,
161,235,379,103,117,189,221,193,120,159,143,220,144,132,83,223,187,99,56,213,222,69,29,208,256,43,18,200,281,41,17,177,317,23,10,159,
224,211,298,64,157,215,192,127,153,165,121,181,161,125,74,213,188,88,50,223,226,64,33,209,252,50,24,197,283,40,14,176,324,29,10,146,
208,212,353,79,140,202,216,157,127,174,134,198,152,120,82,227,181,90,56,228,210,68,37,221,254,47,22,198,306,32,18,161,339,24,11,136,
239,189,266,71,174,185,160,140,175,134,110,190,199,106,75,194,220,82,53,197,244,61,37,194,267,55,20,177,305,39,13,155,329,30,7,140,
187,233,368,79,150,191,219,158,147,155,142,197,161,124,85,214,195,97,55,207,213,77,36,209,247,62,24,190,280,44,9,175,320,29,6,150,
196,235,362,68,128,213,237,158,138,166,139,195,150,125,83,224,190,89,50,220,230,61,34,208,268,42,24,189,298,25,12,176,341,21,7,137,
176,242,379,81,129,197,243,173,137,158,153,204,157,119,93,223,188,97,55,214,235,71,36,193,264,47,20,188,297,30,11,172,326,17,4,156,
199,215,332,85,168,187,202,144,158,165,124,176,181,117,77,201,216,89,45,194,241,70,26,188,264,53,19,182,295,42,14,162,315,31,6,153,
187,246,362,66,114,218,232,167,117,171,150,211,131,137,89,231,166,105,57,228,199,90,40,210,241,68,23,190,271,53,13,175,300,33,9,166,
243,207,256,49,187,194,155,118,174,155,91,170,196,118,48,185,217,83,27,199,247,59,21,193,291,38,15,170,314,29,7,156,341,21,4,137,
269,174,221,56,210,168,138,121,205,138,87,156,220,106,50,173,250,72,31,177,287,59,24,153,320,34,12,145,347,32,9,120,373,23,5,103,
228,202,277,69,177,183,172,139,172,149,108,178,182,120,65,197,204,100,43,195,237,75,32,187,261,60,21,178,293,47,15,159,329,41,11,129,
246,194,250,59,179,192,169,128,168,149,96,182,180,110,64,209,223,79,38,197,264,58,24,177,284,52,20,163,315,38,13,146,354,24,8,121,
238,188,264,73,173,184,150,142,188,138,96,173,208,97,63,194,244,72,40,183,276,55,32,168,308,39,21,152,335,26,16,138,363,16,10,120,
205,217,369,77,144,210,225,145,146,159,140,194,160,128,94,211,194,93,61,212,228,73,35,198,250,59,15,190,287,41,4,171,333,26,2,140,
218,220,310,61,148,216,205,135,144,177,127,178,153,132,82,214,190,86,57,223,227,63,32,209,255,51,21,193,298,38,11,163,328,28,5,143,
187,243,344,69,136,211,218,152,153,153,144,193,163,126,97,210,194,109,58,196,208,91,41,200,243,64,28,192,287,44,16,168,309,35,11,155,
238,194,292,67,180,170,175,149,174,143,116,182,202,100,71,197,228,78,34,193,255,41,18,203,292,25,16,182,317,22,12,160,340,17,5,142,
228,199,289,72,177,197,187,125,159,160,120,180,188,108,74,203,216,80,50,203,255,63,30,181,289,46,16,164,318,37,10,144,349,27,7,123,
264,170,253,65,195,172,153,132,192,135,90,172,206,103,60,190,234,67,33,198,262,53,20,184,283,43,14,173,316,27,9,156,352,18,3,129,
186,233,368,80,129,219,240,151,109,184,155,206,136,137,96,226,164,102,70,233,206,68,44,225,245,54,32,200,284,45,21,170,318,34,14,147,
218,225,364,56,145,222,221,132,125,183,136,191,144,134,88,221,187,103,58,209,218,72,39,209,243,66,28,190,274,54,19,171,311,43,11,145,
165,247,396,87,100,234,241,165,116,170,152,213,143,122,88,234,168,96,53,235,222,73,26,204,265,46,15,188,306,36,14,157,334,34,11,131,
228,198,291,73,158,205,184,136,144,167,110,188,166,115,58,218,210,86,34,203,244,64,17,191,277,41,10,181,320,26,7,153,348,16,5,135,
175,247,363,77,127,205,228,167,121,161,139,217,155,112,93,232,186,84,52,229,227,63,27,209,270,53,17,176,307,34,9,158,330,23,6,146,
281,163,229,55,235,151,145,113,216,139,101,144,222,106,60,171,254,79,34,166,282,56,22,161,312,36,13,151,337,32,10,130,361,25,10,113,
199,215,335,85,141,196,217,162,135,148,135,216,164,112,86,223,200,94,59,205,224,72,40,203,258,56,26,185,277,49,16,173,299,40,10,160,
222,210,294,67,158,197,178,144,158,151,109,190,178,118,71,203,217,86,38,196,241,67,28,191,274,54,13,171,313,32,6,154,347,22,4,130,
250,180,216,69,211,155,132,133,195,125,90,179,219,99,62,181,247,86,32,166,269,68,21,162,309,55,12,135,330,47,8,122,353,33,5,113,
196,219,378,84,127,215,243,157,130,159,146,210,165,126,100,208,199,86,71,214,222,57,44,220,260,40,27,199,283,38,13,178,316,28,7,155,
179,242,405,78,123,209,274,167,112,188,177,199,136,144,110,219,164,99,74,236,213,79,43,207,251,61,24,187,285,47,18,167,305,36,17,158,
190,234,316,75,144,200,196,155,159,144,105,196,185,99,67,215,220,74,39,205,261,55,26,183,293,50,12,156,325,39,8,135,356,25,4,118,
287,160,210,52,208,165,117,126,201,142,71,156,225,107,44,167,251,79,26,169,271,68,23,160,297,45,11,157,330,35,9,134,354,28,6,117,
256,178,252,65,188,174,157,137,169,165,105,165,192,127,73,180,207,91,49,201,252,59,27,188,283,45,14,171,316,30,5,153,347,15,2,137,
230,202,286,67,168,174,198,157,162,134,131,203,189,110,85,200,207,83,53,209,234,69,35,196,274,51,22,174,299,36,12,164,326,31,7,142,
192,240,382,67,138,221,234,140,109,174,144,216,137,122,92,240,179,89,54,231,226,63,41,210,258,51,25,190,301,33,15,165,337,17,7,145,
194,226,348,79,165,180,209,154,171,143,122,185,202,103,67,194,246,78,41,175,282,64,21,153,323,45,14,131,359,29,7,111,387,20,3,92,
198,220,387,81,134,193,238,172,130,157,155,212,130,126,101,243,169,88,63,242,213,66,45,220,248,50,29,201,279,37,17,183,318,31,10,150,
180,242,344,77,144,190,204,165,145,147,138,207,169,98,89,232,186,91,56,222,226,64,33,209,257,47,26,195,301,36,16,162,327,28,11,144,
233,195,289,71,174,183,175,142,155,153,117,191,166,102,65,231,200,94,46,205,241,72,30,186,277,56,25,166,316,40,11,143,344,31,7,124,
221,223,309,55,153,210,208,136,146,159,126,194,154,119,87,226,193,84,52,222,233,61,31,205,267,46,20,186,303,31,12,165,335,24,7,140,
178,232,382,89,117,202,236,180,123,152,149,224,157,123,101,219,173,96,60,230,221,83,48,195,249,66,26,184,289,45,18,165,327,39,13,133,
271,172,232,56,201,171,126,127,183,133,79,183,198,94,44,207,233,70,28,196,273,46,16,180,309,36,12,154,340,25,6,134,357,15,5,127,
223,201,310,75,156,189,199,154,151,150,117,198,163,123,78,213,203,87,44,209,229,57,29,213,267,48,23,184,307,33,15,159,337,25,7,137,
223,211,314,65,137,198,191,164,138,147,116,214,168,117,79,214,203,78,48,218,245,50,26,204,269,51,16,179,297,29,9,173,332,24,6,143,
192,235,370,72,134,198,235,167,115,166,150,218,138,123,92,238,180,90,63,229,219,76,49,204,247,62,32,190,282,40,22,177,308,34,17,157,
259,161,223,79,228,139,133,132,212,128,68,159,243,98,43,158,271,72,21,156,312,46,8,141,337,29,6,133,354,25,5,120,384,16,1,99,
189,239,352,71,140,191,220,168,136,167,135,196,149,112,95,238,176,91,66,232,208,68,42,223,241,56,23,202,279,36,14,184,317,27,11,155,
243,187,274,69,180,187,155,132,180,127,87,192,207,98,54,194,240,70,35,189,247,54,25,198,282,36,17,181,311,29,11,159,335,28,7,136,
216,198,328,85,162,187,195,150,161,147,112,191,168,126,69,205,203,89,44,207,242,57,30,200,273,49,17,177,306,32,12,161,344,19,7,136,
203,218,368,78,127,205,230,167,122,167,140,210,150,114,81,235,182,89,44,228,223,67,26,209,248,55,18,196,293,39,11,167,324,30,9,145,
218,215,284,66,166,190,165,143,159,157,118,183,162,112,78,225,201,82,47,216,239,61,29,199,271,45,19,183,305,35,15,159,336,29,9,134,
183,232,375,84,119,208,245,172,131,164,151,204,158,133,97,208,177,110,70,212,211,87,44,201,239,70,32,190,281,55,21,163,316,44,16,139,
201,240,331,58,133,214,207,152,139,165,147,195,150,128,88,221,186,87,46,226,232,57,25,210,288,43,15,168,325,29,13,145,358,19,9,122,
192,247,379,60,135,206,228,158,138,153,136,208,166,118,79,215,193,80,49,226,233,55,22,211,269,44,14,186,314,33,9,152,349,20,5,130,
243,190,260,66,191,169,163,139,205,126,102,168,214,106,59,179,238,78,40,183,272,58,25,169,299,48,17,152,322,44,12,133,351,28,6,120,
209,222,285,68,151,188,192,160,150,135,124,214,179,101,75,219,212,89,52,198,245,70,32,184,283,46,21,170,307,37,14,155,330,33,6,136,
215,209,294,75,160,191,174,148,154,156,118,189,174,121,77,204,193,98,42,208,237,65,24,197,277,36,14,186,315,27,10,157,344,23,4,132,
238,204,271,57,177,186,166,136,188,127,110,184,200,97,70,202,219,77,48,203,253,50,36,196,275,43,23,181,300,28,13,171,326,23,8,150,
240,189,276,70,176,181,178,142,150,169,112,180,170,121,76,208,182,101,53,216,212,92,35,195,246,70,21,183,274,47,9,178,314,34,4,151,
250,194,291,55,184,181,176,134,176,134,104,189,191,106,64,202,233,81,42,185,258,71,33,170,293,53,20,153,313,40,14,146,342,30,10,127,
194,226,347,79,126,211,226,162,120,163,148,216,159,117,90,223,183,91,62,225,232,65,44,202,263,55,24,181,308,41,20,150,332,32,11,135,
224,207,321,68,145,206,196,148,156,158,125,185,172,125,78,202,197,95,53,207,237,60,30,202,271,43,17,185,315,30,14,154,351,22,8,126,
254,185,234,60,190,189,146,120,186,151,107,162,204,113,62,182,215,85,40,199,261,57,24,181,294,48,14,157,326,37,8,136,363,23,8,113,
182,238,381,79,116,232,244,151,113,172,151,214,133,131,96,235,163,97,63,239,196,82,43,221,239,55,29,205,272,49,18,178,302,40,12,157,
233,208,293,58,164,203,167,132,165,163,108,171,184,117,67,198,223,87,44,189,243,77,29,179,271,51,24,177,307,43,14,149,337,31,9,131,
216,214,307,69,169,199,185,131,148,167,119,184,175,117,71,207,202,93,47,204,256,61,33,182,298,48,16,153,315,40,13,144,346,30,9,123,
257,182,240,60,195,174,155,130,177,148,98,174,208,107,57,184,230,86,34,183,271,52,19,176,298,42,15,159,322,24,12,153,351,17,10,131,
257,190,227,52,204,178,140,117,190,136,82,173,201,98,49,200,228,72,33,199,252,52,28,195,287,42,15,170,324,35,10,140,345,24,7,130,
203,217,307,79,149,203,198,147,139,172,125,188,161,128,74,210,196,102,42,201,234,71,18,194,262,43,9,194,299,30,5,170,343,17,3,139,
192,241,331,66,142,207,208,150,142,164,130,193,174,126,82,199,207,92,50,200,243,71,26,185,283,39,21,177,320,29,9,150,346,18,7,135,
203,206,325,90,162,187,194,150,168,134,117,197,191,106,65,202,228,72,45,199,264,54,28,181,300,47,19,152,330,33,14,136,362,24,11,113,
215,216,319,68,163,187,197,149,162,141,126,196,179,106,76,214,204,87,52,208,232,64,30,203,270,55,18,174,291,30,9,178,328,21,7,150,
249,180,254,70,179,189,150,131,175,152,98,172,201,117,65,181,224,91,44,184,239,66,26,194,281,45,14,173,320,34,7,145,353,23,5,123,
184,251,360,64,143,209,209,147,139,173,131,187,157,129,81,213,171,99,54,229,207,66,36,226,258,47,15,194,291,33,11,175,332,24,6,143,
216,210,328,73,133,203,195,163,130,187,125,182,132,167,69,200,181,124,44,194,210,88,32,201,255,57,18,187,294,42,12,163,328,35,12,136,
244,193,285,62,176,189,183,134,175,153,118,171,186,117,63,196,203,83,34,213,244,63,18,192,275,50,10,174,311,32,5,156,344,22,7,133,
250,189,268,60,171,186,183,142,162,143,120,194,189,116,79,194,206,77,49,216,248,57,34,194,286,44,21,169,312,37,15,150,349,28,9,122,
195,219,339,85,135,208,213,156,134,178,132,187,141,129,93,229,171,112,52,216,203,89,32,207,231,63,20,205,267,45,11,187,298,27,9,174,
230,211,284,58,180,176,155,143,173,152,103,174,180,123,57,196,225,87,37,187,274,53,23,172,324,35,15,140,348,25,9,126,370,18,6,111,
245,203,233,51,195,186,145,118,178,161,95,160,198,109,56,192,231,81,29,187,270,54,21,175,304,48,14,147,332,37,11,130,357,26,7,116,
211,213,286,75,160,180,162,159,150,150,113,199,170,115,62,214,215,77,41,207,249,64,27,186,284,49,16,166,307,38,14,154,340,34,11,125,
259,185,251,55,187,183,158,129,182,128,99,189,197,108,62,194,224,83,39,192,261,62,26,176,294,47,18,158,317,30,17,152,347,24,14,128,
204,215,330,80,132,203,202,164,129,157,124,213,169,113,79,217,196,94,51,209,230,77,31,192,274,60,15,165,306,47,11,146,334,32,7,133,
209,211,291,79,151,180,171,168,141,156,110,202,164,110,65,225,194,81,41,224,236,65,29,198,267,61,21,171,301,52,11,146,332,38,7,129,
210,211,323,78,153,190,189,156,154,158,118,187,181,122,67,196,206,88,39,205,238,64,28,197,270,53,21,176,298,41,15,160,317,30,15,152,
262,184,287,53,192,198,179,109,180,161,113,158,198,135,72,166,209,106,53,184,237,74,32,188,275,67,23,157,297,49,20,153,323,43,15,133,
245,194,247,60,196,171,153,132,180,143,93,176,202,114,57,183,220,95,41,184,265,66,24,168,305,49,13,145,335,33,7,131,364,17,5,118,
244,186,264,69,186,172,157,141,177,154,101,168,201,115,59,183,214,84,37,201,249,55,25,195,288,50,19,161,313,33,9,153,351,19,6,129,
219,216,307,64,160,196,172,143,167,147,111,185,191,106,72,202,220,93,43,186,236,69,25,194,268,54,16,177,307,39,15,153,330,36,8,133,
223,213,305,63,162,195,197,142,161,152,115,186,179,119,70,201,204,92,45,203,233,73,30,193,261,54,20,184,298,32,12,169,328,24,5,147,
232,192,297,75,165,177,183,157,157,141,119,201,182,110,64,207,223,75,39,201,256,57,28,186,291,49,19,159,308,42,8,149,337,25,4,137,
277,169,240,53,216,154,152,129,196,145,94,158,199,112,73,188,223,84,40,192,267,60,24,172,299,46,17,154,322,28,12,149,343,28,8,128,
212,229,309,58,153,190,198,156,156,153,119,190,177,121,73,201,218,86,45,195,247,73,25,179,282,48,16,169,317,41,12,141,352,29,7,118,
245,191,251,63,188,184,152,127,183,154,96,162,195,120,62,184,228,86,42,185,263,59,22,177,310,37,11,152,347,24,7,128,371,18,5,110,
238,197,264,64,197,172,159,130,197,128,107,174,205,109,63,185,216,81,44,202,252,63,27,184,280,44,16,175,314,30,9,155,343,21,8,135,
238,191,288,70,185,175,170,139,182,145,108,172,183,126,69,190,215,98,41,186,253,79,26,167,287,51,16,161,307,36,12,156,337,23,5,139,
202,217,381,80,123,214,239,162,123,178,161,198,153,137,100,209,186,100,59,213,227,79,41,193,265,63,29,171,289,45,18,165,321,34,14,144,
249,192,251,58,196,170,154,133,189,137,94,173,200,131,59,168,222,99,40,178,261,72,21,166,292,44,12,163,321,31,10,147,344,25,5,130,
191,232,375,76,128,198,224,173,133,161,137,205,148,114,88,237,188,84,53,227,229,64,33,206,266,47,21,186,289,41,15,169,320,35,8,144,
197,230,350,72,134,222,211,143,120,168,145,211,150,129,95,220,179,91,60,229,217,82,41,200,247,59,27,193,283,43,18,173,311,33,12,155,
275,163,215,61,212,154,128,133,222,116,89,161,241,93,54,165,261,80,33,158,289,59,20,151,319,37,7,143,343,21,2,135,374,15,2,110,
201,215,365,83,131,210,226,158,132,149,136,218,161,119,92,219,176,100,65,223,210,70,39,219,237,61,26,201,277,51,23,171,304,43,13,152,
187,227,385,85,122,211,238,166,127,164,164,208,155,112,98,232,183,84,62,232,213,61,32,225,250,46,12,203,298,28,11,173,334,23,9,142,
199,227,318,73,136,204,204,159,131,161,124,207,163,117,79,219,189,98,52,212,237,67,31,195,266,45,22,188,293,40,16,166,332,32,11,135,
201,227,329,71,137,178,201,184,131,151,130,217,162,116,79,221,198,92,60,209,240,76,38,183,271,50,21,178,310,42,13,147,346,22,9,131,
256,176,235,67,181,186,142,132,176,140,74,183,203,122,59,174,230,93,36,176,260,65,23,174,293,51,16,155,328,30,7,141,350,22,8,127,
264,181,251,54,204,175,142,120,187,165,92,147,209,116,60,174,237,83,34,179,269,55,22,175,307,32,15,160,326,27,10,146,353,26,6,120,
205,226,307,68,143,201,191,155,141,154,118,204,167,121,84,211,187,106,54,206,246,74,35,179,289,43,27,167,322,43,15,134,346,30,13,123,
257,177,232,65,204,176,155,119,194,147,90,158,210,105,61,184,244,74,34,181,271,57,18,171,302,45,17,152,335,36,10,128,349,27,8,123,
