10 10 20 20 40 40 80 80 
2 2 8 8 12 30 43 48 
0 25 0 68 13 104 44 130 
6 0 12 0 22 42 39 100 
1 0 9 26 9 37 29 65 
0 5 0 20 14 49 39 51 
7 6 19 8 58 36 148 38 
0 15 0 61 5 83 45 60 
0 2 0 10 2 67 20 49 
0 2 4 7 11 19 58 68 
0 7 18 43 32 59 43 76 
0 14 0 37 0 54 30 40 
0 16 0 24 14 40 37 91 
12 1 40 11 75 73 107 134 
0 5 0 19 9 30 18 30 
0 11 4 26 20 32 27 46 
0 7 1 31 8 61 11 83 
0 20 8 10 18 36 42 86 
8 2 11 14 15 28 41 79 
0 6 0 10 16 41 50 86 
0 2 2 36 9 37 36 57 
0 0 0 9 23 43 38 97 
5 13 5 22 29 31 47 44 
1 17 0 16 1 18 11 57 
3 0 2 11 20 39 50 58 
0 6 2 40 15 56 52 43 
0 8 3 27 18 62 36 94 
0 6 4 28 7 62 22 27 
0 0 0 11 14 28 26 78 
0 1 7 36 18 24 61 98 
0 9 0 17 10 62 47 51 
0 23 0 60 26 60 74 57 
2 3 6 18 15 41 23 42 
7 15 8 48 20 57 58 36 
2 4 6 3 9 31 14 58 
2 3 3 30 3 95 6 68 
0 0 7 28 36 47 67 80 
5 10 8 14 11 27 67 19 
0 3 0 15 0 49 5 57 
0 10 0 51 6 77 40 45 
0 2 0 8 2 21 43 37 
0 10 0 32 15 77 28 100 
11 7 13 8 25 25 37 31 
4 0 12 22 43 40 81 47 
0 6 0 27 0 30 23 91 
0 11 0 61 2 47 17 70 
0 15 2 32 11 75 17 59 
0 0 0 14 9 32 83 68 
0 0 3 17 27 55 31 58 
0 0 0 1 3 27 31 41 
1 10 1 27 11 45 31 24 
0 15 2 20 5 31 20 51 
0 6 2 36 14 71 45 101 
1 2 6 6 11 67 33 81 
0 14 0 31 12 36 57 104 
4 6 5 9 23 19 54 55 
0 13 0 18 14 56 53 62 
0 6 0 25 8 82 65 81 
0 14 1 36 39 45 66 70 
0 0 2 27 2 83 1 38 
0 12 0 22 26 34 50 52 
11 0 19 4 31 26 56 23 
0 8 0 30 0 38 2 27 
1 2 7 8 15 42 34 41 
0 3 0 15 12 57 34 45 
0 10 0 19 6 118 19 84 
0 10 3 17 19 19 40 54 
7 7 21 9 34 38 66 72 
0 1 13 26 27 63 59 68 
0 0 1 3 17 11 21 37 
2 4 12 20 21 31 33 38 
0 3 3 52 20 80 51 30 
2 6 5 27 31 52 50 106 
0 0 3 17 16 41 55 93 
2 19 13 34 32 42 68 114 
0 2 2 23 2 56 18 65 
0 10 0 9 6 23 21 89 
1 1 4 24 21 50 56 76 
2 10 5 32 33 69 31 77 
0 33 0 51 18 59 28 54 
0 0 6 2 9 32 34 107 
0 2 0 12 4 59 29 72 
0 0 3 0 33 26 67 89 
2 6 5 11 11 25 15 101 
0 14 0 47 1 96 12 56 
7 27 11 50 35 96 87 90 
0 8 2 20 1 33 1 38 
2 29 6 71 22 66 37 78 
1 3 24 21 48 70 88 78 
0 4 0 15 14 98 30 120 
3 8 12 30 33 49 43 108 
3 15 31 34 81 30 147 128 
0 7 0 16 0 87 8 43 
0 7 7 7 23 26 52 76 
0 26 0 30 12 30 32 67 
3 3 6 10 9 16 50 50 
0 7 0 26 0 72 60 65 
0 6 0 13 0 76 20 86 
0 7 7 14 28 34 50 82 
0 6 5 7 14 47 30 84 
13 1 17 33 37 50 65 73 
0 5 3 14 19 44 28 58 
3 1 6 10 8 7 19 71 
0 16 3 32 9 59 20 46 
0 0 4 9 19 48 84 92 
0 28 6 58 30 117 45 80 
0 4 0 22 3 35 11 31 
0 6 1 21 2 18 8 58 
3 11 9 49 22 49 51 92 
2 23 16 46 31 71 47 82 
5 1 11 10 46 35 99 81 
0 11 6 32 26 39 75 62 
0 4 0 18 8 32 35 57 
3 19 3 28 2 51 50 74 
0 5 0 27 26 38 32 63 
0 4 6 11 41 57 64 78 
0 8 0 21 11 54 24 74 
0 1 4 0 15 48 55 96 
0 6 0 15 0 56 19 81 
0 14 0 25 17 63 36 62 
1 10 19 36 53 67 68 90 
0 0 2 3 9 24 36 65 
0 16 3 35 6 48 7 52 
0 6 1 29 15 61 31 65 
0 1 0 8 11 26 61 67 
11 6 24 27 66 72 88 111 
0 16 1 49 1 88 33 41 
0 6 1 19 9 31 48 59 
4 12 8 44 26 67 104 75 
2 8 12 13 22 110 33 83 
7 0 26 20 37 28 68 80 
0 2 0 17 7 24 67 60 
0 5 0 16 8 36 53 72 
0 7 0 33 8 26 29 22 
4 1 8 25 19 45 60 83 
0 0 0 9 0 30 14 102 
2 3 18 24 69 71 85 64 
0 3 0 9 0 10 39 29 
0 0 3 22 9 36 20 42 
3 0 3 16 8 38 40 57 
0 3 8 15 16 28 58 60 
7 9 31 19 55 79 45 44 
0 3 0 21 9 36 41 84 
1 0 1 24 23 75 53 83 
0 13 0 70 15 94 23 66 
0 2 7 16 45 46 74 23 
5 1 6 21 8 47 36 30 
2 4 5 48 9 70 43 57 
3 0 16 32 13 85 22 83 
0 14 2 32 23 84 50 30 
2 16 9 54 16 61 34 80 
0 13 0 34 4 35 52 68 
0 4 0 7 0 30 16 61 
0 1 6 9 41 45 77 44 
1 0 5 20 7 36 23 37 
5 10 17 48 27 71 119 90 
0 4 0 23 0 51 45 80 
0 39 5 69 27 66 44 62 
1 8 6 39 15 93 37 70 
0 9 0 29 20 63 31 72 
2 2 9 9 19 19 29 53 
0 12 0 32 2 65 12 92 
0 6 3 10 39 40 78 65 
10 10 24 32 48 65 86 53 
0 6 4 23 23 25 30 62 
0 2 3 5 18 8 30 48 
0 1 9 17 41 38 55 117 
0 0 7 7 10 38 36 75 
6 0 12 40 12 85 9 86 
0 12 0 54 6 61 50 37 
8 5 16 18 24 20 70 67 
0 10 0 48 0 70 9 60 
0 5 2 47 28 91 64 100 
0 9 0 25 46 28 88 67 
0 0 0 15 0 48 53 55 
1 6 1 8 6 30 14 41 
0 7 1 32 24 51 30 68 
6 2 17 13 36 52 69 101 
2 20 18 53 30 91 52 78 
0 8 3 25 3 24 3 34 
9 0 16 10 18 67 77 80 
0 5 0 2 0 74 0 84 
0 3 0 17 3 36 54 71 
3 6 8 19 14 43 58 61 
6 12 8 38 8 113 25 95 
0 2 0 28 10 45 45 101 
0 2 3 27 11 54 32 75 
0 7 0 21 9 42 9 62 
0 1 2 17 9 52 19 46 
0 5 5 31 23 74 23 82 
0 16 0 24 14 51 25 32 
0 2 0 29 11 59 99 64 
0 4 13 19 47 47 111 40 
0 0 0 12 5 51 7 69 
0 4 8 40 10 46 31 42 
4 11 7 30 26 34 52 58 
1 0 3 6 17 35 34 80 
0 10 10 31 23 49 50 75 
0 5 2 8 11 33 52 90 
4 6 9 11 20 36 48 76 
2 12 5 22 20 47 32 86 
0 9 0 33 3 20 52 36 
6 7 6 43 5 67 7 60 
0 8 0 19 4 20 53 37 
1 1 5 7 17 32 92 82 
0 9 1 15 9 54 22 37 
3 0 10 4 31 54 77 82 
12 10 19 23 41 73 93 84 
3 0 7 4 6 24 23 42 
4 0 27 13 39 56 63 39 
2 3 3 41 3 74 15 92 
0 6 4 21 4 70 11 115 
0 8 0 13 0 27 46 82 
0 7 0 13 24 40 85 47 
3 13 6 22 21 98 25 111 
0 8 1 16 11 19 57 49 
0 7 0 11 0 23 30 48 
0 3 6 10 19 43 72 85 
0 5 2 23 20 72 23 36 
0 4 4 7 20 42 70 70 
0 21 6 34 9 85 26 61 
0 8 0 58 0 118 13 66 
1 9 6 38 18 36 28 63 
0 21 1 45 6 30 57 112 
0 19 0 46 19 75 48 95 
0 14 6 23 36 24 57 35 
4 15 5 51 7 65 19 49 
0 8 11 19 22 49 61 70 
2 0 10 0 28 11 81 47 
0 14 0 33 0 59 18 57 
0 7 0 35 8 69 44 71 
0 9 0 11 9 50 33 92 
6 13 10 29 17 83 46 105 
3 0 3 11 3 34 38 90 
0 11 4 18 25 22 71 66 
4 21 7 50 7 64 4 64 
0 1 0 24 22 50 70 36 
2 7 2 26 11 63 36 102 
3 17 5 46 7 107 11 47 
0 12 17 36 25 37 31 48 
1 10 9 37 22 131 46 75 
7 7 18 43 29 71 46 27 
1 5 7 12 36 36 87 39 
15 13 34 15 56 24 111 64 
5 1 9 19 10 30 19 122 
0 10 7 27 16 29 30 35 
1 0 9 0 11 39 62 92 
2 3 12 4 27 36 44 44 
6 3 29 10 62 14 118 60 
1 24 5 46 17 55 39 39 
1 12 11 30 16 26 48 39 
3 3 6 8 22 12 57 84 
0 7 0 20 6 10 18 64 
0 0 6 5 4 17 4 64 
0 0 2 13 9 54 43 90 
0 8 13 23 30 23 54 43 
3 18 3 20 4 9 22 54 
0 2 5 13 19 36 52 44 
0 3 1 20 21 48 44 58 
0 13 4 22 4 60 19 57 
0 3 0 31 0 25 11 42 
7 10 7 33 13 53 30 59 
0 2 0 14 4 31 26 63 
0 0 0 15 2 54 39 96 
0 22 14 26 35 61 67 52 
6 18 29 16 66 36 83 69 
0 0 8 1 60 16 85 76 
1 0 8 4 26 48 64 75 
0 26 0 41 1 56 10 46 
0 31 1 57 18 104 104 103 
5 33 14 66 18 86 26 53 
7 7 10 16 15 43 33 29 
0 8 0 25 5 61 19 103 
4 0 6 1 16 34 44 103 
2 0 15 12 37 26 61 52 
7 3 10 9 9 33 27 75 
0 3 12 19 23 56 52 79 
0 11 0 31 9 64 76 56 
1 14 1 30 2 32 1 50 
1 24 2 63 5 90 7 57 
0 8 2 30 28 58 74 91 
0 7 5 12 31 31 58 26 
0 24 0 50 4 64 23 112 
4 5 24 7 39 27 72 47 
0 4 2 15 17 68 32 83 
0 1 0 12 4 37 5 50 
1 19 9 35 7 42 51 82 
0 15 0 17 9 86 47 113 
0 10 0 48 23 59 83 61 
2 0 9 12 21 27 26 38 
4 11 10 37 28 61 73 100 
0 8 3 23 21 59 67 105 
0 2 0 6 6 4 22 44 
6 2 13 23 36 24 52 57 
5 0 16 10 47 43 79 68 
0 6 0 24 0 30 31 89 
0 8 2 13 5 56 52 75 
0 10 0 22 0 48 8 95 
0 9 5 13 18 39 49 91 
0 0 0 13 19 36 57 90 
0 13 0 43 9 70 24 57 
0 12 2 22 8 47 46 58 
0 5 3 26 28 59 69 57 
1 17 12 51 16 70 28 101 
0 20 0 30 4 98 23 38 
0 7 6 31 29 65 99 66 
0 14 3 29 9 51 42 85 
0 0 5 11 33 22 45 39 
0 14 0 21 0 42 35 69 
9 0 15 2 29 9 31 69 
5 0 8 0 9 28 29 66 
0 7 2 70 22 61 49 119 
4 1 8 1 11 30 35 51 
1 6 8 21 24 48 44 111 
0 4 7 12 12 28 40 46 
0 16 0 46 38 83 51 86 
4 19 6 33 53 37 79 119 
1 11 4 14 28 22 50 72 
14 12 24 20 34 26 73 81 
0 11 1 36 1 80 18 67 
3 30 16 76 40 62 51 52 
0 6 0 17 2 19 13 102 
7 5 13 20 29 40 70 27 
0 10 0 31 18 61 68 47 
0 5 0 19 0 45 15 23 
7 0 21 19 54 59 83 38 
3 5 9 30 45 43 59 80 
0 7 0 30 0 61 2 52 
0 0 0 12 2 60 32 98 
1 8 15 32 21 123 38 97 
14 2 25 11 43 43 55 79 
4 6 6 27 9 34 20 78 
5 0 19 10 42 16 58 55 
5 11 26 10 41 40 55 71 
0 5 0 19 0 50 17 92 
1 18 6 39 16 47 31 39 
0 6 0 34 2 40 23 29 
1 2 11 22 27 60 49 116 
7 5 19 23 40 27 49 45 
5 3 9 18 31 90 56 86 
0 2 3 18 28 19 67 54 
3 0 4 19 25 56 37 84 
0 18 2 51 21 91 45 31 
0 17 3 25 5 29 4 90 
0 7 0 25 14 90 42 69 
4 5 9 19 16 40 19 52 
0 0 0 0 6 22 26 16 
0 16 0 26 0 57 15 74 
0 0 3 5 24 46 47 58 
0 18 0 31 19 39 37 71 
16 11 36 38 53 101 111 74 
1 21 1 35 10 41 71 27 
2 2 6 42 26 121 29 104 
5 3 12 7 23 40 23 69 
0 8 2 21 21 36 54 66 
0 11 5 43 10 61 37 141 
0 0 0 7 0 28 6 46 
0 5 9 27 19 59 33 102 
0 0 0 9 15 44 66 63 
0 9 0 40 0 49 5 39 
0 0 0 6 10 39 52 75 
2 0 15 5 67 36 123 79 
0 0 14 27 24 40 56 36 
0 0 0 0 6 43 22 68 
11 0 23 9 48 61 97 86 
2 9 11 23 39 40 43 76 
0 16 0 23 0 24 5 98 
0 22 0 44 0 32 39 28 
0 8 0 24 8 57 45 96 
0 9 2 8 12 23 8 49 
4 15 17 22 23 38 34 73 
0 0 0 7 0 49 22 62 
0 3 2 41 11 77 54 100 
6 14 12 25 21 46 54 37 
0 0 0 8 20 48 62 35 
0 6 0 24 21 68 59 91 
0 25 1 41 8 53 19 83 
2 38 10 34 9 62 13 74 
0 6 0 25 38 66 77 70 
1 0 1 7 1 29 23 27 
0 13 0 42 3 30 30 87 
0 28 2 61 17 71 51 82 
5 1 18 16 43 68 43 151 
2 15 18 33 35 71 81 46 
0 16 7 44 25 63 51 32 
0 11 1 45 19 102 26 121 
1 8 1 31 4 30 40 85 
0 13 3 31 28 60 88 26 
0 2 0 17 19 36 25 36 
4 6 13 39 50 95 72 50 
4 15 8 27 22 26 53 34 
0 21 0 26 10 14 37 59 
0 18 3 40 10 71 27 86 
10 10 13 47 41 47 102 69 
0 6 3 22 3 91 34 78 
0 7 0 39 23 75 70 39 
0 12 0 42 4 59 24 36 
1 15 11 28 23 71 45 69 
3 5 11 36 22 77 56 68 
0 5 0 3 2 24 45 60 
1 5 16 25 63 64 101 88 
2 3 10 34 27 63 57 47 
2 3 14 18 47 23 74 70 
0 7 0 34 8 78 43 56 
4 8 7 16 18 82 59 65 
0 9 5 26 7 33 39 54 
0 15 1 65 11 65 32 59 
0 11 1 30 7 79 32 73 
0 9 7 41 15 39 56 39 
0 0 0 11 0 7 46 47 
0 19 3 75 25 63 60 84 
0 17 0 48 7 56 18 120 
0 13 0 25 0 37 55 75 
0 1 0 16 0 41 4 94 
0 0 0 8 4 57 21 35 
0 13 0 41 7 46 13 86 
4 0 20 0 70 26 97 117 
0 6 0 25 12 57 40 75 
0 0 0 29 3 61 10 46 
0 4 0 13 3 15 27 55 
0 13 6 21 8 56 26 74 
0 5 6 9 27 23 69 57 
4 9 16 16 38 30 39 84 
0 11 1 30 8 34 39 81 
0 9 0 23 4 53 36 50 
0 10 13 11 35 39 56 33 
0 0 0 0 0 20 26 54 
0 1 0 24 8 52 32 36 
0 0 0 12 3 29 22 53 
3 13 18 23 36 31 59 21 
0 0 0 22 0 46 10 40 
0 17 8 37 42 44 50 63 
7 16 8 25 11 52 8 50 
2 1 5 23 12 101 30 68 
0 7 0 9 13 28 37 38 
2 3 19 18 40 78 56 74 
0 5 2 24 45 41 111 64 
0 9 0 25 0 57 8 71 
8 0 14 7 41 31 76 82 
0 2 12 19 50 13 77 47 
0 6 1 18 4 48 29 105 
1 5 11 20 24 28 48 76 
4 19 10 42 19 110 53 53 
0 0 6 0 11 43 21 74 
0 6 0 15 18 33 41 58 
1 8 1 27 5 77 49 51 
3 2 9 9 22 60 36 65 
0 11 0 52 41 50 77 39 
0 5 4 22 17 35 49 42 
0 13 3 28 3 23 28 33 
0 0 0 1 19 26 51 94 
2 0 4 2 21 25 47 59 
1 7 7 16 18 59 46 94 
0 14 0 18 4 65 41 101 
0 22 6 41 11 104 10 52 
0 5 0 19 6 46 10 65 
3 8 8 44 10 43 44 28 
0 12 1 29 10 74 47 104 
0 5 0 29 33 23 67 40 
5 14 9 32 11 75 30 108 
0 24 5 40 29 58 64 123 
6 13 14 26 21 45 70 63 
3 11 19 39 53 70 142 73 
0 5 1 30 4 52 21 71 
0 4 0 41 22 67 49 58 
0 2 2 7 2 20 25 24 
4 10 4 52 4 64 48 82 
0 18 0 21 9 40 17 79 
1 21 8 54 23 99 56 123 
0 1 0 17 0 38 3 117 
1 0 5 0 11 19 63 48 
1 4 8 25 22 70 29 71 
10 4 16 20 53 86 109 94 
0 2 5 20 23 67 51 78 
5 5 10 7 10 18 9 91 
9 4 31 28 73 17 104 64 
0 11 0 31 6 42 12 24 
0 6 7 20 27 36 60 53 
0 4 0 17 7 52 23 79 
5 3 7 13 17 37 94 81 
0 1 9 25 40 73 65 95 
5 6 9 11 33 27 28 15 
6 6 11 31 39 72 89 43 
2 7 9 27 19 56 29 90 
0 3 7 7 44 37 98 80 
1 0 4 1 9 52 46 75 
0 2 0 18 3 23 13 56 
0 5 0 20 0 39 14 49 
3 2 5 9 11 16 54 114 
0 19 8 32 34 41 59 74 
0 4 10 7 25 31 72 48 
0 0 3 10 12 71 48 85 
9 6 22 21 54 74 64 58 
0 14 1 28 2 52 26 96 
0 9 0 24 3 29 15 92 
10 0 21 13 41 31 62 64 
1 0 12 4 23 31 51 66 
4 17 16 35 44 94 68 91 
0 6 17 47 48 95 60 74 
0 3 0 17 19 46 72 45 
0 6 4 14 5 37 22 47 
10 21 19 35 28 44 92 94 
3 8 10 37 38 101 61 82 
6 0 10 7 23 43 32 42 
2 20 7 27 16 74 39 45 
7 9 7 19 10 79 11 80 
0 3 4 25 8 73 40 33 
3 0 2 8 3 41 21 37 
0 13 4 56 39 59 97 88 
0 31 0 65 7 76 18 82 
0 29 13 34 50 36 102 118 
0 19 0 29 0 40 2 42 
0 1 0 11 0 38 25 107 
0 3 0 9 0 23 13 62 
2 14 9 53 18 64 53 70 
0 4 1 21 61 40 140 96 
0 5 0 19 4 32 4 26 
8 3 29 23 54 44 55 53 
0 6 0 24 21 58 59 39 
3 10 10 38 28 69 52 65 
4 15 11 25 33 62 85 76 
0 14 0 17 4 52 20 103 
0 20 0 45 23 35 103 39 
2 5 17 19 35 33 87 23 
0 5 0 14 5 53 27 79 
0 15 0 47 3 52 13 140 
0 0 0 19 10 18 29 42 
3 2 12 24 41 44 120 58 
0 18 0 46 6 121 34 111 
17 0 43 0 73 20 113 29 
0 22 6 33 29 47 92 30 
0 5 1 24 18 82 29 66 
0 4 2 13 14 54 32 82 
2 0 3 5 15 63 36 42 
0 5 6 31 30 52 75 77 
0 9 5 27 12 67 64 71 
8 10 13 25 18 65 23 55 
1 2 9 30 14 70 22 88 
0 1 4 41 8 50 4 29 
1 5 4 11 17 24 42 101 
3 17 3 48 4 49 34 86 
1 6 6 26 11 54 32 70 
0 12 0 35 16 77 55 46 
0 22 3 61 18 69 41 79 
0 28 0 38 15 51 56 47 
1 13 2 19 49 28 73 17 
1 4 1 49 1 86 8 41 
0 2 7 24 15 60 28 42 
0 7 0 27 0 75 20 97 
4 11 7 11 19 11 40 97 
6 3 20 13 29 52 42 37 
2 0 14 40 26 62 42 78 
1 10 28 35 48 88 53 47 
4 0 13 14 42 44 94 79 
0 8 0 16 0 27 62 51 
0 23 0 26 5 58 63 82 
0 4 2 25 16 57 113 69 
0 16 0 30 7 50 69 59 
7 3 16 22 25 54 34 56 
0 3 0 9 8 28 24 35 
1 7 5 15 9 83 31 59 
0 2 0 17 2 57 58 32 
1 3 4 2 32 25 71 46 
0 12 1 36 16 51 36 50 
1 8 1 41 3 52 6 67 
3 7 6 26 10 78 10 73 
3 19 4 30 8 56 43 75 
7 23 10 36 14 51 28 110 
4 3 15 18 53 15 62 54 
2 19 4 23 14 32 29 60 
5 1 15 24 26 61 50 80 
0 17 3 24 4 30 17 73 
2 6 8 4 18 26 70 50 
3 15 17 36 55 47 125 102 
2 5 4 29 5 25 13 21 
0 19 12 34 39 59 71 59 
0 2 5 17 14 31 39 98 
0 9 0 26 0 23 0 51 
0 9 1 13 13 29 76 47 
0 6 0 27 0 56 38 92 
0 6 0 32 0 38 8 120 
4 16 8 51 9 54 40 40 
0 0 0 20 2 24 31 29 
3 0 12 34 12 38 25 41 
0 7 1 31 17 50 46 69 
0 2 3 11 13 53 46 44 
0 3 0 21 10 46 46 22 
0 7 0 13 5 39 14 81 
3 14 7 65 18 64 56 72 
0 7 0 22 0 95 9 85 
18 13 30 19 39 70 48 83 
0 0 0 0 18 51 54 99 
0 3 7 13 19 27 39 58 
0 2 6 10 22 13 43 83 
0 5 0 21 12 45 48 95 
0 0 0 32 5 35 48 58 
0 2 8 19 43 54 76 46 
0 6 4 38 22 70 59 45 
0 9 8 26 25 21 70 38 
0 0 5 6 19 65 75 49 
12 5 14 28 22 49 42 46 
4 8 10 12 24 39 60 71 
6 9 12 19 24 59 50 105 
2 4 13 9 28 39 42 55 
0 17 2 13 8 25 20 48 
0 3 0 33 13 65 22 75 
0 3 2 15 4 41 4 33 
1 16 10 50 25 83 60 108 
5 10 28 11 53 28 83 31 
3 6 3 10 21 33 53 61 
0 7 7 26 16 43 88 28 
0 8 0 25 6 50 28 86 
10 1 14 10 22 22 53 76 
0 0 1 7 27 44 58 39 
0 11 4 20 12 24 33 56 
0 2 0 51 6 61 52 88 
0 21 0 46 0 50 14 42 
4 3 5 13 14 38 56 130 
0 0 3 3 40 28 63 46 
2 6 13 28 25 53 53 33 
0 2 5 7 9 20 16 33 
0 2 4 9 30 56 114 50 
0 4 3 27 22 27 62 97 
0 32 0 62 0 52 51 62 
0 5 0 5 0 17 58 41 
5 2 14 22 40 42 39 73 
0 0 14 11 56 46 75 41 
0 3 0 29 3 36 7 95 
15 8 27 44 50 67 77 64 
0 9 0 32 2 39 29 39 
0 7 0 54 4 73 17 109 
1 1 4 13 12 78 8 29 
6 5 9 21 21 37 37 32 
1 24 1 41 7 50 77 50 
0 8 0 17 0 30 13 52 
4 2 15 5 32 64 50 56 
0 9 0 18 0 85 68 64 
0 0 0 12 34 48 51 57 
10 21 26 41 39 38 33 40 
0 0 7 7 19 26 49 75 
3 4 6 52 10 70 9 74 
2 12 2 25 21 50 61 96 
1 17 5 17 45 15 148 32 
0 4 0 31 0 64 0 55 
0 7 1 35 15 46 32 68 
0 1 2 13 10 45 25 41 
0 0 0 18 30 34 117 51 
1 2 8 17 19 24 44 57 
2 0 5 0 7 31 44 55 
2 3 6 41 18 81 34 39 
0 16 4 44 7 87 43 96 
0 5 0 22 1 78 12 48 
0 10 10 16 22 23 35 55 
1 0 3 15 8 43 17 52 
12 0 33 6 80 29 109 81 
0 17 2 42 14 61 52 36 
1 7 1 43 8 46 36 40 
2 22 8 35 34 77 56 50 
9 2 24 11 35 43 60 74 
0 5 0 18 6 54 27 51 
3 2 14 8 26 60 33 47 
0 1 2 13 6 71 41 55 
0 7 0 21 4 47 9 102 
0 6 4 35 9 58 10 58 
0 19 5 39 10 49 23 102 
2 5 20 12 39 38 63 54 
3 17 13 46 42 41 66 76 
1 12 6 39 18 53 24 101 
0 2 0 16 0 38 18 33 
0 14 0 20 32 20 106 48 
0 8 0 14 1 14 23 44 
0 5 6 24 10 58 70 37 
0 1 1 17 3 58 22 111 
0 4 2 29 1 65 32 97 
0 2 0 18 14 37 47 57 
0 4 14 33 23 33 37 73 
1 5 14 18 35 33 33 50 
0 1 2 21 4 46 70 65 
1 1 5 7 5 47 75 36 
0 20 0 50 16 68 47 48 
7 5 14 8 47 27 100 61 
0 5 0 23 4 47 66 52 
2 26 11 32 26 37 59 45 
2 18 3 32 10 71 19 62 
0 11 0 30 0 51 7 43 
19 10 26 25 36 32 28 60 
0 9 7 6 25 20 35 89 
0 0 1 5 11 31 16 70 
0 20 0 49 3 62 19 46 
0 27 1 38 16 61 80 78 
0 18 3 21 33 42 95 45 
0 2 16 24 32 90 49 110 
2 8 8 23 10 51 20 41 
3 10 3 37 16 55 28 52 
3 1 2 27 2 24 40 68 
8 15 13 33 50 24 102 97 
0 7 0 34 0 45 0 115 
0 4 3 14 31 11 66 60 
1 16 14 20 27 29 65 37 
0 9 1 20 1 44 6 81 
7 30 11 41 16 59 80 90 
0 8 11 16 26 39 34 25 
0 4 5 28 27 32 71 23 
6 7 12 23 24 68 51 97 
2 11 9 31 13 42 50 79 
5 8 6 21 12 23 44 67 
1 11 4 18 4 53 9 24 
0 24 0 25 0 22 65 61 
0 4 0 11 9 69 12 77 
0 9 1 17 6 57 43 71 
0 12 4 20 22 28 82 44 
0 10 2 30 8 60 27 55 
7 0 9 7 18 64 39 68 
0 4 15 6 19 29 54 45 
0 2 0 3 2 40 8 52 
0 17 0 22 18 34 101 53 
0 4 0 33 1 54 25 57 
0 2 0 44 10 45 49 72 
4 20 10 65 23 113 47 69 
1 2 5 16 29 35 61 41 
0 2 2 23 17 49 20 51 
0 1 0 5 0 34 18 40 
0 0 5 12 15 47 40 96 
1 3 1 14 4 29 31 62 
7 1 18 14 55 30 69 27 
0 5 5 10 22 18 37 75 
2 8 11 28 38 45 52 57 
4 0 14 1 33 21 55 59 
9 10 20 32 24 46 64 70 
0 7 2 16 16 46 79 58 
1 2 8 26 20 57 60 98 
0 3 0 26 15 67 51 107 
0 0 0 24 7 67 12 61 
0 0 0 1 3 33 23 37 
1 3 10 13 14 40 29 109 
2 10 11 19 13 34 20 47 
0 8 7 16 25 33 28 59 
0 10 3 19 17 23 71 39 
4 4 9 3 17 31 67 25 
0 5 0 18 15 50 35 73 
2 7 10 32 19 83 43 97 
0 2 2 23 33 104 72 131 
0 5 0 19 6 29 12 32 
1 14 14 31 36 44 87 67 
15 8 28 11 56 28 104 48 
14 5 18 31 21 25 41 73 
1 6 4 22 19 27 64 71 
0 11 0 30 9 62 78 33 
0 2 6 19 20 75 63 43 
0 18 0 26 7 82 36 55 
1 5 3 14 20 75 65 81 
0 9 8 17 20 31 63 65 
3 10 13 43 29 77 55 74 
3 1 4 6 5 75 22 31 
0 26 0 43 0 94 36 118 
1 18 5 24 17 57 47 82 
11 3 22 13 41 24 39 29 
0 6 1 29 4 30 28 62 
2 14 6 12 5 28 15 48 
0 3 0 11 5 37 26 38 
0 9 0 8 1 26 48 95 
0 18 0 39 0 68 6 128 
9 1 11 7 20 21 60 43 
0 5 2 19 39 25 83 63 
19 9 28 21 38 47 60 55 
0 21 0 46 0 85 10 82 
0 0 6 16 32 31 54 102 
0 11 15 27 55 62 55 72 
9 1 20 7 30 31 53 49 
8 20 11 54 19 81 29 89 
5 1 23 4 39 1 35 25 
0 3 0 14 5 29 11 65 
0 5 0 30 9 47 67 57 
21 7 53 34 125 49 156 54 
0 0 0 22 20 56 56 86 
0 24 4 47 25 52 63 59 
0 1 3 6 8 57 90 54 
0 2 8 11 36 24 33 51 
0 2 0 49 3 77 41 32 
1 9 9 29 14 45 26 47 
0 0 4 4 21 23 36 48 
0 2 0 22 3 37 25 72 
4 1 17 13 52 67 84 99 
1 2 1 6 17 46 93 46 
7 2 32 8 68 30 83 41 
3 3 3 10 9 80 25 81 
0 4 0 20 1 50 12 47 
0 3 12 21 33 55 53 55 
3 2 7 17 12 51 22 60 
0 5 5 14 19 30 32 138 
3 1 7 24 7 30 23 73 
0 0 3 33 9 67 40 49 
0 10 0 27 0 77 30 68 
2 2 17 11 37 26 65 50 
0 8 8 32 7 46 20 73 
0 4 3 12 15 61 76 52 
0 7 4 56 5 68 21 42 
2 5 7 32 17 69 41 123 
0 3 0 23 3 18 93 60 
0 17 0 66 0 100 40 52 
2 0 17 16 39 26 66 83 
0 0 0 7 6 18 15 62 
3 15 21 40 57 35 77 70 
0 2 0 20 0 55 6 105 
0 7 0 13 1 50 53 48 
1 2 10 4 20 9 82 44 
0 3 0 9 0 65 27 87 
0 2 1 10 58 35 75 78 
0 2 6 25 4 30 32 96 
0 7 1 11 10 22 41 92 
2 5 12 30 37 64 83 65 
0 7 7 20 25 45 66 41 
3 29 6 48 16 52 22 35 
5 9 21 43 28 63 35 48 
0 8 0 23 0 107 32 86 
1 8 6 37 10 48 28 55 
3 15 5 40 11 78 17 94 
0 7 0 13 0 16 5 36 
0 8 0 10 13 17 54 75 
0 16 0 17 4 44 44 66 
2 0 5 11 7 52 38 76 
0 11 0 27 6 44 6 47 
6 5 17 11 30 51 69 41 
2 5 4 30 19 49 66 69 
4 7 4 25 6 52 72 60 
2 7 11 48 22 83 42 31 
1 15 2 17 17 59 61 95 
6 4 14 13 30 37 46 23 
4 0 11 10 44 15 64 49 
0 7 0 32 6 38 28 35 
3 15 10 26 29 31 39 72 
0 9 10 29 14 38 25 54 
0 0 17 27 33 54 39 87 
3 3 4 11 39 54 70 62 
0 2 2 5 10 40 29 73 
0 17 0 43 3 75 9 88 
0 13 0 22 0 45 17 88 
2 11 10 46 15 49 51 37 
0 14 0 16 0 76 4 97 
0 5 0 48 5 73 18 70 
3 0 17 22 22 62 48 122 
4 4 14 14 36 35 40 35 
0 5 0 25 8 57 41 61 
0 0 0 20 0 25 22 90 
21 12 37 31 78 71 140 46 
4 4 19 16 27 16 64 29 
0 18 7 36 28 94 57 74 
0 19 0 52 18 74 57 135 
2 4 17 21 48 37 91 38 
8 12 11 39 12 43 21 54 
0 14 4 34 5 53 4 79 
0 17 0 35 4 45 31 40 
0 21 10 80 18 102 26 57 
4 0 4 14 12 41 24 68 
6 1 7 7 11 37 45 63 
1 6 4 19 26 58 74 67 
0 1 5 12 22 23 67 44 
0 8 8 7 20 74 45 84 
8 0 11 4 31 53 64 53 
1 14 7 54 33 69 57 49 
4 16 6 46 12 57 31 57 
0 20 0 51 0 66 4 82 
0 0 0 10 11 58 28 67 
0 22 0 45 0 77 44 80 
1 12 9 23 48 83 117 97 
0 1 0 15 23 46 60 61 
0 19 5 37 12 55 48 56 
0 15 0 37 6 66 63 101 
0 13 17 39 25 37 45 46 
0 2 4 26 18 59 41 85 
5 2 7 24 7 31 19 54 
0 0 0 11 11 27 59 52 
9 5 15 16 33 38 53 84 
1 5 2 20 10 57 62 58 
0 28 4 20 10 42 60 87 
6 10 11 33 23 59 82 48 
0 10 0 13 0 76 8 116 
16 3 34 31 46 38 64 22 
0 6 0 31 20 46 45 78 
0 15 0 17 38 42 101 66 
0 6 1 32 7 50 19 98 
3 9 6 18 27 45 54 44 
0 2 0 19 0 26 12 38 
0 4 6 20 17 51 27 74 
0 8 9 26 28 65 74 75 
0 13 12 29 19 60 22 61 
3 3 6 8 7 48 45 32 
3 0 5 12 46 62 97 111 
0 0 5 0 33 33 81 64 
0 7 7 20 18 48 53 67 
6 6 14 13 23 33 74 55 
5 1 5 17 17 54 44 65 
5 0 20 11 73 45 142 75 
0 2 9 5 26 33 45 43 
2 6 7 17 15 38 11 58 
2 0 3 4 4 19 41 43 
0 20 0 42 10 54 13 38 
0 1 7 15 23 42 35 65 
0 1 1 12 15 40 22 73 
0 2 0 12 2 34 16 88 
1 15 5 32 11 74 27 89 
0 7 4 36 9 41 36 73 
1 2 7 31 33 77 98 89 
0 13 0 23 27 48 80 80 
1 2 1 11 2 36 28 97 
0 1 4 5 6 31 23 125 
0 6 0 44 3 85 43 84 
0 5 0 13 0 30 0 39 
1 7 9 17 34 50 47 65 
5 1 7 20 8 79 22 100 
0 12 6 22 15 25 46 35 
0 1 7 9 18 50 52 56 
6 5 7 9 21 33 45 47 
0 4 10 25 24 43 43 70 
0 16 0 23 0 49 15 119 
5 2 11 18 38 35 88 73 
0 15 1 50 5 54 39 39 
2 17 13 52 23 58 44 63 
0 18 3 34 5 76 21 49 
1 4 2 21 6 29 50 79 
8 4 16 5 13 38 24 74 
0 6 0 16 0 46 72 32 
0 0 10 26 27 46 62 61 
5 11 9 23 28 27 83 53 
3 0 11 17 19 39 15 87 
0 0 2 0 9 27 27 54 
3 2 15 26 35 70 61 29 
0 12 0 15 0 53 12 50 
0 7 0 22 6 63 8 62 
0 4 0 35 12 57 36 65 
3 4 13 27 21 84 47 60 
0 8 6 22 45 73 83 68 
2 14 2 20 12 30 56 34 
0 0 2 17 5 67 24 38 
0 6 1 13 11 11 38 41 
0 14 7 45 22 55 86 50 
0 21 0 35 22 47 103 76 
2 30 20 48 28 69 35 69 
0 12 14 33 29 54 46 74 
0 2 2 12 32 72 71 67 
0 16 0 17 7 60 28 40 
0 0 0 4 0 26 14 83 
0 0 0 12 3 70 28 80 
0 3 3 21 29 29 68 44 
6 0 15 6 50 32 87 103 
0 3 0 17 2 50 25 40 
0 25 0 24 3 21 5 39 
0 13 0 44 8 46 42 70 
6 9 9 8 17 9 30 59 
0 1 0 12 2 27 42 64 
11 2 13 9 19 28 48 94 
0 0 0 8 0 34 18 90 
5 7 8 21 16 50 19 30 
0 7 2 17 33 38 82 53 
2 5 4 15 6 19 27 39 
6 8 8 15 15 37 59 85 
1 1 10 3 38 17 55 74 
2 1 2 20 7 53 3 85 
0 14 0 48 11 88 59 54 
0 10 0 46 15 62 28 14 
0 0 0 7 4 31 64 38 
2 6 4 25 12 45 51 52 
0 4 0 25 3 48 28 44 
0 8 0 41 0 104 15 97 
0 17 14 42 49 62 125 54 
0 3 0 16 27 9 76 44 
2 30 10 47 20 27 58 67 
0 3 3 24 6 70 61 94 
4 7 15 40 20 86 30 85 
8 2 15 22 15 76 16 95 
5 1 12 1 22 37 37 59 
2 7 2 17 2 51 2 80 
0 0 10 11 19 43 35 82 
0 5 4 28 14 48 35 77 
1 7 8 31 13 42 44 81 
0 1 2 19 11 44 42 88 
4 14 8 33 23 58 21 60 
0 0 3 8 6 15 19 40 
5 7 5 18 11 53 12 71 
0 16 0 54 3 119 21 63 
0 0 1 4 22 73 35 93 
0 5 3 29 18 44 51 138 
0 10 0 20 8 35 37 41 
5 3 9 30 10 89 25 73 
2 5 2 12 2 42 2 88 
7 6 10 31 26 47 73 43 
0 9 1 30 8 23 21 49 
6 14 11 42 26 62 69 32 
0 8 0 40 0 53 16 30 
4 3 3 17 21 19 38 40 
0 3 0 14 0 17 33 42 
0 0 0 6 0 31 9 61 
0 19 0 51 7 96 23 42 
0 1 0 20 2 50 19 102 
2 7 9 16 16 27 45 92 
0 3 0 14 0 34 46 35 
0 6 2 17 23 25 58 84 
2 16 14 34 65 68 89 81 
0 12 0 21 6 42 30 86 
0 7 8 17 25 22 33 87 
0 9 0 34 5 53 64 39 
0 0 8 21 32 33 96 88 
0 15 1 31 26 79 81 81 
4 6 12 23 23 39 22 64 
0 5 0 27 3 31 16 49 
0 6 0 22 18 53 62 38 
3 0 4 13 15 48 20 33 
5 0 18 9 28 41 68 53 
3 15 11 32 27 43 46 84 
1 1 14 7 32 22 83 48 
3 21 7 30 16 47 33 60 
7 19 9 43 18 78 27 124 
0 4 2 17 6 37 10 25 
6 13 14 25 23 43 40 79 
5 11 5 45 13 48 30 83 
0 12 9 20 19 23 62 97 
3 15 9 25 36 77 75 81 
4 10 5 32 10 61 19 56 
0 4 0 28 7 92 36 53 
3 0 4 22 17 50 70 105 
0 3 0 27 5 36 15 51 
0 5 2 19 7 41 21 132 
2 15 6 34 8 49 34 60 
3 5 7 44 7 63 21 118 
0 9 1 43 10 49 46 69 
4 20 12 47 25 52 36 49 
0 9 0 24 18 58 47 32 
0 17 13 57 50 74 82 47 
4 2 12 27 25 75 93 61 
0 8 6 52 33 72 74 49 
0 10 9 17 18 45 27 89 
0 19 2 25 33 71 77 79 
0 10 2 19 6 84 21 83 
0 7 4 20 12 31 46 64 
0 10 5 36 23 28 28 47 
3 0 11 0 29 24 61 101 
0 8 8 29 30 54 100 100 
0 0 0 0 2 15 71 90 
0 13 0 17 20 39 56 67 
6 0 5 8 10 36 14 46 
0 11 1 35 21 53 35 39 
0 15 0 18 11 43 27 88 
1 0 2 1 11 45 56 38 
0 23 0 46 0 74 17 64 
8 7 20 9 37 21 108 40 
1 1 3 16 18 36 40 47 
0 17 1 25 4 54 17 64 
0 10 0 13 1 25 7 27 
0 0 12 14 43 26 93 30 
0 1 0 14 3 35 50 59 
0 1 1 11 23 39 55 52 
0 0 0 13 10 39 51 45 
0 10 0 30 0 47 66 52 
13 4 43 4 85 22 133 49 
0 1 6 15 25 35 107 59 
0 0 3 4 12 48 51 67 
3 7 15 34 58 59 104 47 
0 7 5 29 23 44 56 39 
0 6 0 22 9 38 32 127 
1 0 8 4 10 55 21 75 
2 0 12 3 15 42 39 66 
0 18 4 27 24 61 56 72 
0 0 0 6 6 54 18 59 
1 0 5 1 15 20 35 40 
0 6 0 3 11 12 27 88 
1 11 7 36 13 71 13 64 
0 1 0 7 36 56 52 65 
10 5 17 26 22 63 37 58 
0 12 0 25 0 51 0 45 
0 4 0 9 0 62 28 41 
2 3 12 39 25 59 30 50 
6 1 9 11 33 27 72 47 
0 17 3 28 13 30 41 72 
0 0 0 0 3 31 104 65 
0 0 0 11 7 31 21 63 
0 11 0 17 9 57 27 39 
1 9 6 14 9 72 44 104 
0 10 0 20 12 48 15 53 
0 5 2 14 17 54 29 66 
0 7 1 22 16 65 60 94 
0 15 2 55 28 103 40 78 
0 15 0 35 12 63 40 60 
4 9 14 33 32 68 27 74 
2 4 18 25 42 54 89 121 
0 0 0 14 0 21 6 49 
1 4 6 20 28 33 77 80 
0 1 4 12 11 42 93 75 
2 14 8 29 16 79 47 69 
4 0 13 29 22 46 69 39 
0 12 2 45 24 58 88 79 
0 34 0 53 15 90 68 113 
10 0 25 2 32 28 26 80 
0 6 4 40 14 63 16 104 
0 0 0 10 9 50 82 46 
0 0 2 6 10 58 73 57 
0 6 1 22 14 30 68 70 
1 14 6 19 32 20 53 45 
0 6 2 13 5 11 20 8 
4 8 20 28 66 52 101 134 
1 9 12 37 40 65 100 54 
0 3 0 20 24 71 85 63 
2 3 21 20 34 20 73 46 
10 16 18 29 26 42 46 56 
4 1 7 27 10 61 30 74 
7 3 21 28 48 42 57 104 
0 18 0 43 6 67 31 35 
0 5 1 9 1 28 8 77 
0 12 0 20 8 42 42 40 
1 3 7 13 16 50 58 56 
2 1 9 15 35 35 83 40 
0 3 0 15 14 60 17 66 
5 18 10 43 19 49 15 40 
0 7 0 17 1 54 11 80 
0 5 2 18 3 41 28 57 
6 1 12 16 22 29 37 103 
0 6 0 21 20 22 90 72 
0 4 13 17 46 63 94 67 
0 14 0 16 13 35 21 85 
0 9 10 29 43 64 89 50 
9 0 14 3 30 32 57 37 
0 4 2 16 2 28 2 95 
0 12 1 51 1 79 47 122 
0 8 0 10 14 42 68 73 
0 22 0 39 5 36 64 66 
0 0 0 0 18 13 60 40 
0 10 8 25 20 43 33 54 
1 5 3 18 26 43 45 72 
5 3 16 20 30 51 52 66 
1 8 3 20 27 69 72 56 
5 21 14 33 48 46 80 25 
0 3 9 40 20 76 99 61 
2 0 3 9 2 30 34 88 
4 20 13 30 25 68 45 46 
2 5 1 27 7 70 53 76 
1 0 12 27 18 52 64 49 
0 3 2 6 15 29 78 66 
11 0 16 4 17 53 41 76 
0 15 2 15 2 30 37 82 
0 3 0 30 5 66 25 73 
0 5 5 38 12 50 67 49 
0 0 0 26 24 46 50 84 
0 2 8 10 23 40 79 70 
10 1 10 9 12 12 17 32 
0 12 10 30 13 51 12 45 
0 0 0 18 13 41 73 65 
7 11 15 54 34 100 57 32 
5 1 12 19 20 32 81 60 
0 5 0 21 0 25 2 87 
0 3 0 13 0 25 2 86 
1 8 1 33 17 38 53 54 
0 0 0 3 21 43 61 59 
4 0 11 3 31 31 47 32 
5 3 8 12 26 17 83 41 
0 27 11 34 27 63 35 73 
1 5 14 13 38 83 82 59 
7 0 17 27 39 74 47 79 
3 16 7 37 22 70 26 81 
3 0 19 9 31 30 31 84 
0 7 0 36 1 36 28 63 
0 8 0 11 0 33 7 74 
2 7 13 31 20 72 28 76 
0 5 6 29 35 76 59 60 
11 11 27 21 30 32 51 46 
0 0 0 26 3 42 33 101 
0 9 0 39 3 31 6 19 
0 1 15 6 36 39 69 81 
4 19 20 34 40 47 85 71 
5 11 14 27 48 64 70 55 
1 1 3 2 2 42 33 56 
12 28 24 39 35 63 57 45 
1 22 3 56 15 83 47 43 
0 3 2 14 20 65 24 54 
0 10 0 25 9 43 27 42 
0 4 0 23 0 29 32 43 
0 29 0 57 5 47 19 66 
0 11 0 29 3 55 7 82 
1 10 2 22 10 53 54 52 
0 6 0 13 5 26 66 41 
0 3 0 7 6 29 59 62 
0 0 4 10 29 38 66 27 
4 2 9 26 12 43 30 101 
1 3 1 12 1 27 73 46 
0 4 0 19 14 44 16 50 
0 2 12 30 33 35 47 55 
0 6 4 14 15 36 22 71 
0 4 4 15 26 45 77 26 
0 5 4 14 24 49 87 84 
3 6 15 28 19 30 63 32 
0 5 0 19 0 62 14 68 
0 0 0 8 6 55 21 83 
0 0 0 17 0 89 0 86 
0 9 0 41 5 65 22 78 
0 0 0 5 2 72 2 32 
3 0 6 0 6 22 39 55 
0 10 8 15 29 25 52 56 
0 3 0 29 1 68 10 122 
0 12 0 28 0 43 13 151 
0 16 6 22 32 63 50 80 
0 1 0 3 11 37 41 38 
0 12 3 21 12 33 24 51 
0 0 3 12 5 65 4 133 
1 0 3 8 6 38 42 37 
0 8 2 17 13 65 31 65 
1 0 4 5 7 68 37 66 
0 13 0 41 5 80 32 115 
2 0 9 3 35 42 64 61 
0 6 0 16 5 20 24 65 
7 6 15 8 37 48 85 35 
0 18 1 24 5 33 37 94 
1 9 8 18 22 47 93 65 
7 19 23 44 34 96 49 80 
0 0 1 20 11 35 29 55 
0 9 0 22 0 31 8 68 
0 20 12 36 29 46 63 77 
0 9 2 4 20 30 54 71 
0 24 0 45 8 55 29 40 
3 8 14 26 25 62 42 68 
6 0 10 21 21 78 44 72 
0 3 0 15 0 22 27 49 
2 2 8 11 20 35 68 55 
1 5 10 23 13 34 41 61 
0 9 4 22 10 53 71 52 
0 0 6 3 34 47 65 66 
0 4 3 12 12 77 24 84 
0 18 2 42 24 71 59 75 
0 0 5 7 9 45 8 76 
2 3 4 21 20 25 51 66 
2 1 8 18 26 55 50 67 
3 3 12 16 47 41 58 47 
0 10 0 39 0 43 0 99 
0 13 7 46 27 99 76 57 
0 0 16 0 35 26 54 53 
0 0 0 11 0 52 66 76 
0 0 0 21 5 53 31 100 
8 5 18 15 36 40 63 48 
14 1 38 19 58 48 114 85 
1 15 1 37 4 65 18 62 
0 11 8 29 29 35 57 89 
6 18 10 47 38 55 94 89 
1 11 4 43 29 94 53 80 
0 6 0 31 0 51 17 54 
0 4 3 21 8 50 52 49 
8 13 10 31 18 69 15 102 
3 2 19 24 29 68 36 61 
0 1 2 11 18 14 43 86 
0 12 0 34 17 55 74 85 
0 4 0 25 11 65 25 126 
5 8 14 27 17 67 58 47 
20 0 42 18 79 29 111 55 
0 0 6 14 14 48 78 77 
10 8 20 35 26 88 68 46 
0 13 3 24 8 88 10 95 
0 10 0 22 0 18 23 82 
0 4 0 20 4 53 53 66 
0 3 9 6 22 19 50 65 
0 10 0 36 0 63 1 103 
2 19 2 31 8 72 68 86 
6 7 23 44 44 42 83 66 
0 11 2 40 9 70 64 49 
0 3 0 12 10 56 51 108 
0 0 0 7 4 40 16 56 
9 0 21 14 36 53 48 70 
1 15 4 34 4 63 8 49 
0 7 0 20 24 32 31 71 
0 14 0 26 1 48 41 97 
3 14 8 53 15 80 49 79 
0 7 0 8 14 10 32 47 
0 4 0 21 9 61 50 55 
4 0 9 21 9 34 28 58 
0 9 0 22 0 70 45 60 
0 14 4 29 12 42 32 37 
2 6 10 17 38 40 92 64 
3 7 9 26 27 90 49 57 
0 0 3 22 9 51 30 73 
1 0 1 0 8 57 16 68 
0 14 0 53 0 50 36 67 
0 5 2 19 11 73 14 49 
2 18 2 36 15 38 28 32 
0 3 0 13 40 24 116 37 
0 9 0 25 0 58 28 61 
3 0 6 5 10 25 34 71 
0 19 0 39 6 48 30 100 
0 8 1 31 3 46 10 68 
0 0 5 37 15 57 42 54 
0 17 1 51 11 63 45 60 
0 10 1 30 2 63 15 59 
0 5 0 17 8 36 52 53 
6 7 16 38 43 37 79 78 
0 17 5 31 16 63 70 86 
0 3 0 22 3 59 46 78 
2 21 3 34 4 35 36 37 
0 4 2 8 16 52 34 92 
1 3 11 34 23 80 49 83 
2 16 6 50 8 72 16 58 
0 12 4 27 11 50 23 48 
0 12 2 45 15 64 33 100 
1 9 2 15 6 28 15 14 
0 2 5 22 14 94 32 76 
0 5 4 21 23 64 97 93 
0 7 0 15 1 33 32 91 
5 18 11 33 38 29 116 65 
1 10 2 27 4 28 22 37 
4 0 4 25 10 90 29 53 
1 11 6 23 8 55 31 103 
1 0 4 11 11 32 40 153 
0 2 3 11 5 70 30 31 
0 8 0 43 9 50 59 121 
0 3 3 17 8 42 38 55 
2 5 8 23 20 43 54 72 
5 0 8 6 18 10 21 42 
6 1 18 9 22 11 58 32 
0 2 0 25 0 31 26 129 
7 4 12 21 24 37 55 76 
0 5 0 38 10 47 32 49 
0 4 0 13 13 35 44 65 
2 0 2 8 2 28 18 71 
2 2 7 6 14 28 24 74 
0 8 6 16 19 42 41 82 
2 6 12 30 34 62 67 39 
2 4 6 26 16 60 41 57 
8 19 28 21 70 61 114 51 
3 2 8 16 34 46 82 47 
0 2 2 22 16 81 37 66 
0 7 6 33 38 60 84 77 
0 5 4 19 25 37 48 41 
8 12 19 22 34 59 63 50 
0 0 0 37 12 79 54 68 
0 9 0 21 0 44 12 83 
0 9 0 28 14 48 44 73 
0 0 0 15 16 50 58 55 
0 3 0 15 0 40 40 58 
0 8 0 20 0 46 9 62 
0 2 0 18 9 51 25 96 
3 1 7 1 23 26 32 49 
0 0 1 36 21 38 36 51 
0 6 3 15 15 62 39 95 
2 0 2 2 2 48 12 58 
0 1 3 29 7 52 45 83 
2 6 16 9 28 17 26 43 
2 4 2 11 2 43 25 81 
0 25 0 74 23 89 56 72 
0 9 0 28 0 68 29 58 
3 3 5 17 16 24 52 73 
0 4 1 18 21 17 32 51 
0 2 0 6 14 77 28 46 
0 5 0 30 11 48 63 88 
2 1 5 24 12 35 38 77 
0 14 1 37 13 32 40 105 
0 21 7 49 26 43 47 54 
0 0 7 18 55 57 65 85 
0 4 11 6 20 44 68 83 
2 5 6 32 11 50 29 48 
0 11 2 68 6 83 20 49 
1 8 1 26 19 64 49 49 
3 8 6 19 14 50 31 55 
1 0 5 14 31 45 65 68 
6 8 22 15 34 17 30 100 
0 11 1 23 34 49 95 57 
2 36 6 45 11 49 13 96 
7 10 15 32 36 78 75 118 
0 12 0 33 0 83 11 59 
0 19 0 38 12 57 19 92 
7 0 10 24 13 67 78 58 
0 2 0 17 0 29 15 54 
6 15 13 34 25 78 40 118 
12 0 19 0 30 14 71 77 
3 0 14 2 16 28 73 106 
8 3 17 33 15 35 18 50 
0 8 0 24 2 28 22 76 
0 2 0 4 5 21 31 47 
2 2 4 24 4 54 60 57 
0 6 1 23 25 48 63 61 
6 18 11 53 16 65 50 80 
5 5 11 34 20 67 30 76 
0 5 0 30 10 44 39 66 
0 4 0 7 0 47 17 92 
0 8 0 14 7 35 28 56 
0 12 3 31 23 67 50 69 
0 0 7 5 13 42 32 33 
0 9 0 43 10 81 18 35 
0 11 0 38 14 73 55 67 
0 5 0 12 19 21 87 75 
7 14 16 18 42 21 55 38 
0 5 0 14 0 64 48 102 
1 18 6 37 7 52 20 64 
9 5 28 17 57 46 74 54 
3 10 8 32 48 41 90 41 
3 12 5 33 25 52 54 58 
0 7 2 40 16 93 41 112 
0 10 0 17 25 74 24 116 
0 6 0 19 0 49 14 74 
4 14 7 28 24 38 28 62 
8 17 15 62 32 77 75 51 
3 6 8 23 44 34 39 74 
0 7 8 10 28 23 40 49 
1 16 6 26 19 43 30 84 
2 8 8 12 25 56 84 61 
0 5 1 23 8 46 9 81 
7 0 20 3 28 8 52 58 
0 7 1 23 18 45 63 40 
0 0 0 2 13 31 56 63 
3 14 4 25 14 43 28 46 
1 6 4 21 13 46 17 88 
0 1 0 8 15 86 30 104 
6 0 12 7 18 46 25 79 
0 5 0 11 0 45 23 70 
7 3 25 21 46 55 59 69 
0 3 7 18 18 49 68 72 
0 2 0 25 4 51 6 83 
0 11 0 39 0 60 54 62 
0 0 12 10 18 52 44 92 
0 10 0 24 0 56 47 92 
0 1 8 24 22 73 58 46 
0 3 0 14 4 43 13 106 
0 28 2 65 25 101 42 83 
0 7 0 16 13 37 27 58 
5 5 8 6 19 39 52 56 
0 12 6 28 31 76 61 42 
0 0 0 18 4 30 24 48 
0 14 5 41 6 43 7 47 
0 4 0 28 0 64 11 76 
0 7 4 17 16 51 76 72 
3 27 4 47 16 75 25 60 
0 23 6 52 9 80 40 65 
0 0 4 4 11 47 13 77 
1 7 6 11 16 17 40 39 
0 1 0 10 35 37 61 71 
0 1 1 6 9 31 38 74 
0 10 6 16 21 30 40 52 
1 5 12 20 33 54 68 58 
1 8 10 24 19 36 37 69 
0 14 0 27 14 70 23 52 
0 0 7 2 23 61 65 66 
1 13 2 57 1 40 16 114 
3 3 9 10 23 33 41 57 
7 4 10 12 22 31 33 34 
0 9 2 37 33 68 48 86 
0 21 0 73 1 90 39 88 
8 6 16 45 20 83 53 32 
1 14 3 30 12 34 59 67 
4 9 12 19 26 63 41 68 
0 0 1 7 7 28 11 83 
3 6 4 17 35 18 33 32 
1 14 1 30 1 44 9 54 
0 3 0 15 1 75 71 58 
5 8 6 18 27 43 62 61 
0 1 0 15 15 47 84 94 
0 2 2 24 7 79 5 105 
0 23 4 44 10 58 19 59 
0 20 11 24 32 54 73 53 
0 12 0 16 12 66 34 78 
2 1 9 27 8 56 17 68 
0 9 2 22 6 49 50 73 
2 17 10 49 20 91 31 74 
2 5 17 31 27 29 49 50 
0 0 0 4 2 37 7 82 
2 4 3 18 11 23 44 85 
0 5 0 26 1 48 12 95 
0 14 0 8 1 7 21 11 
6 0 7 12 14 51 45 39 
0 10 2 30 41 79 85 88 
4 7 12 22 26 40 74 15 
0 15 1 17 12 36 33 60 
1 10 6 46 10 106 18 113 
5 10 7 18 12 32 43 46 
5 17 18 35 38 59 100 61 
0 9 0 39 22 29 48 77 
3 1 7 3 26 25 48 59 
0 5 13 24 22 57 23 48 
0 2 5 13 7 32 42 65 
0 7 0 45 0 55 26 55 
0 2 0 21 0 45 52 49 
0 8 0 55 16 96 44 61 
0 12 0 24 3 60 26 63 
0 3 0 28 12 73 46 76 
0 2 0 25 0 35 28 77 
2 6 2 21 2 29 42 31 
3 0 5 8 20 49 34 56 
3 21 13 39 36 57 77 66 
0 3 0 34 0 48 35 95 
2 0 7 10 12 49 76 81 
0 13 2 36 23 102 40 33 
0 9 0 47 30 34 40 51 
0 8 2 17 10 50 63 46 
0 18 7 47 21 84 27 122 
12 0 40 2 55 17 56 42 
0 8 0 19 6 32 45 47 
2 25 3 71 3 120 19 58 
0 22 3 42 12 83 38 35 
11 23 21 53 36 70 66 97 
7 0 17 15 34 42 46 43 
2 16 16 23 24 36 68 56 
0 5 3 3 28 37 42 15 
1 21 7 30 30 58 64 44 
0 2 0 18 18 64 68 49 
7 1 16 16 27 50 33 27 
8 1 15 5 33 14 77 78 
2 14 2 47 2 48 13 72 
0 2 1 20 9 58 62 64 
7 30 29 41 37 66 72 101 
0 0 2 7 20 41 62 27 
6 6 14 27 24 38 45 70 
0 8 1 23 8 67 29 69 
0 4 3 19 10 40 50 71 
0 5 5 3 21 30 63 48 
5 12 8 29 28 44 68 65 
0 18 8 50 23 74 43 53 
0 11 3 33 28 81 55 56 
3 9 20 24 39 26 96 68 
3 0 10 11 31 32 114 55 
1 13 6 33 27 54 62 38 
0 7 4 13 9 97 46 111 
0 9 0 43 17 43 29 34 
0 5 0 11 1 39 57 51 
0 19 0 57 3 56 19 60 
0 5 9 21 20 32 50 74 
4 1 8 11 15 24 25 59 
0 2 0 7 21 35 42 82 
0 15 3 37 13 55 41 56 
0 2 2 7 27 61 52 80 
6 19 15 71 50 59 60 47 
0 4 0 10 17 57 47 41 
0 14 11 46 18 73 28 137 
1 8 8 21 43 57 39 83 
0 7 0 27 3 55 33 96 
0 15 0 75 4 82 29 93 
2 8 7 50 14 79 25 58 
0 4 0 24 13 39 77 42 
1 7 1 19 11 65 39 82 
1 0 6 2 21 33 60 22 
0 5 0 32 10 45 43 46 
0 2 8 33 16 43 37 91 
0 2 0 15 35 32 78 60 
0 9 0 31 4 77 15 86 
3 2 14 4 31 41 38 17 
1 4 2 6 27 6 55 61 
6 9 21 18 35 31 50 50 
2 2 9 9 28 38 96 40 
0 4 0 15 3 35 12 81 
0 4 0 23 13 49 37 150 
0 10 0 30 1 52 28 59 
1 0 4 14 8 55 15 72 
2 18 1 33 1 75 2 43 
2 13 13 31 27 27 75 63 
2 19 10 56 39 77 53 77 
0 1 6 16 13 51 26 81 
0 9 14 38 47 77 71 57 
0 2 0 10 10 57 48 51 
0 3 0 13 8 62 54 110 
6 7 20 7 86 32 128 79 
0 7 0 29 9 47 26 74 
4 2 11 16 36 47 43 75 
0 11 7 25 16 52 26 70 
1 4 2 49 4 71 29 66 
0 9 0 42 0 66 77 61 
1 23 7 56 23 52 59 65 
0 8 0 52 0 75 23 53 
1 6 9 28 34 84 42 53 
0 16 0 34 0 67 29 79 
0 14 5 33 31 76 53 47 
0 14 6 21 26 18 63 72 
0 9 13 10 27 28 30 45 
3 7 14 21 21 46 41 68 
12 8 25 12 30 29 79 96 
2 0 3 7 9 57 18 64 
0 25 13 46 47 33 78 67 
28 0 40 31 52 104 68 62 
17 2 25 23 37 43 72 90 
0 7 0 10 23 83 65 70 
0 3 0 35 4 42 32 62 
8 0 11 10 28 49 40 27 
0 7 3 21 7 54 6 68 
0 18 3 34 21 40 82 77 
16 0 22 14 24 31 55 70 
0 13 0 25 10 43 18 69 
0 4 0 9 11 53 53 147 
0 11 0 35 3 87 35 99 
0 3 10 12 25 37 29 94 
3 0 11 5 22 41 60 52 
0 0 0 14 18 53 44 64 
0 14 0 17 9 43 23 63 
0 14 10 53 39 65 106 96 
2 19 19 53 35 69 71 49 
0 27 0 28 15 67 35 43 
0 2 5 13 34 37 31 55 
17 16 35 43 51 65 48 74 
0 5 4 24 11 15 55 64 
0 18 4 58 3 88 3 73 
3 35 11 60 39 85 41 52 
5 0 12 5 12 77 12 59 
4 15 20 33 30 56 23 67 
0 5 4 21 16 29 78 48 
0 1 8 20 15 53 37 117 
1 0 1 3 1 20 24 58 
1 11 10 26 36 25 61 53 
0 3 6 22 12 82 34 82 
7 5 8 4 16 77 31 80 
1 7 10 29 31 41 71 116 
3 3 3 25 6 92 39 42 
7 7 6 9 6 33 31 32 
4 9 6 10 23 14 51 45 
0 3 2 15 11 60 18 52 
1 15 8 15 15 21 22 63 
3 14 10 45 16 56 55 89 
2 0 11 9 29 42 55 60 
2 8 11 22 24 28 58 34 
0 1 2 10 8 25 34 45 
12 6 25 16 40 67 61 72 
0 3 6 16 20 30 45 51 
0 0 0 19 14 92 25 83 
0 7 0 46 10 70 82 120 
0 7 0 14 0 39 6 32 
17 3 27 5 67 31 97 109 
0 14 0 54 10 68 50 54 
1 3 14 20 27 89 77 89 
2 6 4 11 11 21 44 43 
0 1 0 8 14 39 58 71 
1 25 12 50 43 50 72 107 
6 0 15 6 23 52 51 28 
0 24 1 39 4 52 29 62 
0 16 0 16 17 22 51 71 
0 6 16 33 66 61 99 104 
0 8 0 32 6 50 52 57 
0 4 2 32 21 82 62 45 
0 3 6 6 18 18 20 36 
0 10 3 24 10 25 22 96 
2 11 5 33 15 37 54 57 
10 8 19 53 26 66 31 77 
3 3 15 18 24 34 50 42 
0 20 7 31 28 56 43 91 
0 6 1 35 2 66 74 69 
0 6 0 5 7 27 50 38 
2 12 15 27 29 39 53 71 
0 12 3 33 13 47 49 62 
0 26 14 48 28 50 53 85 
0 4 0 5 11 29 18 75 
6 8 13 8 26 64 48 70 
0 8 3 28 11 57 45 117 
0 20 0 38 2 48 74 47 
0 1 5 5 5 29 25 63 
0 11 1 31 4 36 50 46 
3 9 6 37 34 43 41 90 
0 6 0 18 9 60 38 48 
0 1 5 15 10 28 16 57 
0 6 4 22 15 49 22 50 
0 11 0 15 0 31 0 102 
6 0 8 19 10 77 26 46 
5 16 7 34 38 46 59 56 
0 10 7 40 18 96 32 24 
0 0 0 16 16 38 21 74 
2 11 4 40 12 77 46 72 
0 0 0 1 39 13 129 39 
0 9 0 16 1 61 13 60 
0 12 3 37 6 60 20 41 
0 8 4 27 27 35 40 70 
1 0 2 7 12 27 41 36 
0 17 0 23 4 42 34 59 
0 11 0 42 1 46 15 57 
12 8 27 43 34 49 53 67 
0 16 0 67 12 78 37 55 
0 0 4 13 11 31 30 66 
2 11 10 58 24 75 50 54 
5 3 13 5 33 1 54 67 
0 25 0 31 8 86 27 43 
4 12 5 20 13 40 29 58 
7 4 17 13 21 36 32 40 
0 4 0 3 11 21 14 108 
0 7 0 9 2 48 28 88 
3 7 14 21 43 56 96 71 
1 0 8 7 29 28 91 64 
7 7 9 19 20 29 15 105 
0 10 0 47 0 62 17 66 
0 4 2 18 9 43 74 72 
3 5 10 26 46 61 155 82 
0 10 3 15 16 53 66 94 
1 0 1 12 1 18 4 49 
0 13 0 52 0 113 4 66 
4 8 7 12 16 46 17 85 
0 11 0 40 0 27 9 34 
4 0 9 7 40 25 46 64 
6 1 13 17 45 54 49 54 
2 1 15 4 61 43 101 70 
0 0 0 18 15 45 75 106 
0 14 0 20 15 70 52 44 
0 3 0 30 29 33 46 24 
0 17 8 31 16 50 83 64 
0 37 0 57 13 68 44 119 
10 6 13 27 23 68 58 50 
0 3 0 14 19 98 43 104 
0 3 0 15 4 29 23 71 
2 4 13 10 55 58 73 148 
0 6 2 19 13 49 49 51 
0 12 0 29 0 20 0 24 
0 3 0 44 3 55 33 50 
0 5 0 12 13 34 60 76 
2 1 11 15 21 80 43 35 
3 8 3 12 4 34 27 46 
7 0 17 22 19 41 29 61 
0 0 14 15 56 50 82 74 
3 8 12 16 20 35 53 135 
3 7 10 25 18 42 58 55 
0 0 0 30 11 60 35 40 
1 9 7 23 22 25 37 24 
0 0 0 7 0 56 7 68 
0 7 14 35 43 49 56 34 
1 14 8 31 39 44 75 99 
3 0 11 21 22 48 58 71 
1 13 21 21 50 40 79 45 
5 4 6 32 27 69 39 71 
0 10 2 6 22 42 59 45 
3 4 21 24 26 75 67 61 
2 4 15 10 36 36 87 55 
0 10 0 28 17 58 49 37 
1 0 6 31 6 74 12 89 
1 0 9 22 11 16 10 32 
0 0 5 11 16 57 64 59 
4 13 5 20 40 24 64 47 
0 21 2 35 25 43 62 34 
0 25 2 42 9 42 25 49 
0 18 2 20 50 23 121 86 
0 2 2 28 14 78 39 117 
0 0 0 13 2 23 11 52 
3 0 3 16 4 85 24 84 
8 6 19 15 46 26 86 70 
0 27 6 38 18 50 34 35 
0 7 2 55 23 65 61 122 
0 5 0 24 19 46 37 103 
0 10 0 13 8 11 42 39 
2 1 13 11 34 13 67 82 
0 3 0 48 7 66 33 52 
0 7 0 23 2 24 33 28 
0 0 0 25 7 65 53 92 
3 3 7 21 35 45 52 98 
2 3 5 9 16 24 55 49 
0 0 0 5 4 37 30 73 
0 5 0 13 16 75 35 73 
6 0 13 17 25 26 52 58 
0 9 1 12 13 26 41 57 
2 1 2 23 2 60 13 109 
0 5 0 7 2 35 40 46 
0 4 5 31 25 118 56 45 
0 0 0 8 2 41 24 88 
0 4 0 20 15 40 48 59 
0 10 0 34 8 71 44 97 
0 0 0 8 13 44 49 55 
1 3 5 12 9 38 12 53 
10 0 18 16 25 49 46 53 
0 6 0 31 0 54 20 62 
1 4 4 14 43 35 77 73 
1 7 15 20 21 42 77 66 
2 8 7 43 18 72 40 101 
5 0 8 8 9 37 7 86 
3 0 8 13 25 72 41 71 
0 1 0 30 4 61 74 53 
2 4 4 8 4 49 26 85 
7 29 22 35 49 36 61 34 
0 11 0 21 15 64 22 83 
1 0 5 42 26 52 86 37 
0 3 2 6 19 23 75 38 
0 5 0 7 0 22 41 54 
2 4 6 1 15 25 25 43 
1 9 0 29 11 64 20 97 
2 3 16 22 58 56 76 95 
0 12 0 34 11 74 27 139 
1 2 8 14 21 55 36 76 
5 3 10 27 13 64 79 79 
0 11 0 29 0 50 30 82 
5 8 11 19 23 39 45 58 
1 2 7 5 29 27 60 36 
0 2 0 13 9 31 55 18 
0 0 1 4 9 38 51 42 
0 0 2 18 25 41 108 79 
8 2 12 25 22 53 89 94 
10 6 16 34 21 34 29 69 
11 18 34 45 58 88 68 87 
6 9 14 32 53 50 67 71 
0 15 2 33 16 64 51 78 
0 11 9 40 17 34 34 67 
5 1 6 2 7 50 39 88 
0 1 0 15 10 29 14 45 
0 2 0 6 3 36 25 48 
0 15 0 61 0 50 4 57 
7 5 7 35 6 71 29 85 
5 13 9 41 41 61 80 54 
4 7 9 7 12 34 43 69 
0 7 8 23 21 45 47 52 
0 0 15 3 24 45 19 84 
0 10 0 13 0 80 9 80 
0 5 0 46 0 75 39 73 
7 17 29 47 49 76 69 54 
0 0 4 5 20 44 79 54 
0 15 1 30 15 67 35 74 
0 6 1 23 15 70 42 89 
3 5 18 30 40 26 97 53 
3 5 4 39 30 70 38 140 
6 0 11 9 20 54 20 90 
0 2 6 29 26 51 54 64 
2 7 13 24 40 31 46 41 
8 7 17 13 24 36 25 24 
0 14 0 19 4 33 29 39 
6 2 14 26 20 72 39 53 
0 7 7 18 16 32 29 71 
0 4 1 15 1 37 11 67 
0 4 4 35 8 37 30 48 
3 16 3 28 4 44 16 115 
0 8 17 14 41 39 71 94 
0 4 3 52 18 82 40 77 
0 14 0 20 1 55 24 56 
0 1 0 19 0 56 6 56 
0 14 0 11 0 49 65 69 
0 6 4 35 6 80 61 64 
2 6 6 16 12 27 40 14 
0 19 0 34 12 59 76 32 
0 9 0 25 0 51 7 17 
4 2 7 9 27 25 49 41 
3 9 13 21 30 59 56 173 
0 0 4 20 32 47 65 54 
0 15 1 22 23 31 48 60 
12 10 27 20 30 59 43 64 
2 0 4 11 11 76 20 42 
6 5 8 20 35 75 97 56 
0 4 12 25 43 63 115 73 
3 2 15 21 55 31 87 65 
2 8 4 24 6 24 18 47 
0 11 0 50 13 58 52 71 
9 14 12 52 29 66 49 84 
0 16 0 34 15 43 26 42 
0 13 2 55 18 57 40 86 
0 12 5 37 19 53 55 36 
0 0 0 8 3 19 31 63 
0 10 0 38 1 74 13 69 
2 6 10 7 20 27 37 50 
0 17 0 37 17 54 31 76 
8 7 12 34 36 66 124 23 
2 26 2 43 16 72 18 66 
10 9 15 37 27 56 65 60 
0 11 8 23 52 53 86 88 
1 5 15 23 68 75 81 66 
2 14 4 24 9 52 31 51 
6 0 10 10 23 71 51 92 
0 19 0 40 0 69 30 59 
2 12 9 27 12 41 27 76 
0 7 3 20 17 56 75 30 
5 8 24 14 54 16 69 43 
0 19 3 57 11 106 28 128 
4 5 13 23 14 30 52 69 
0 17 0 42 5 72 56 53 
0 0 9 6 26 50 55 52 
0 5 1 24 11 29 36 108 
1 5 5 10 16 37 58 30 
0 2 0 22 23 30 59 67 
0 14 0 39 5 88 10 70 
4 5 8 31 11 45 35 73 
0 22 0 46 0 62 9 80 
0 7 1 21 12 60 36 100 
0 0 9 13 27 55 49 47 
0 0 0 5 11 40 30 85 
0 23 0 29 0 37 40 49 
0 0 0 4 7 14 9 75 
1 7 9 26 28 71 47 98 
8 7 16 28 15 98 45 58 
6 4 6 15 13 22 19 62 
0 12 3 33 25 38 72 86 
0 0 8 8 28 25 56 47 
0 1 0 29 16 55 36 79 
1 0 1 7 5 49 7 76 
0 7 3 36 14 63 32 59 
0 18 0 20 22 57 84 78 
4 0 14 18 51 26 67 64 
0 9 2 23 11 20 28 60 
2 11 10 28 31 48 76 73 
0 13 2 27 10 53 19 45 
0 4 0 16 10 85 18 81 
2 0 9 0 16 37 62 63 
0 6 0 17 11 41 29 31 
0 18 1 18 14 66 39 94 
0 3 0 27 14 60 29 27 
0 15 0 56 7 84 38 39 
0 19 8 33 28 51 38 82 
0 4 2 22 20 29 38 54 
0 20 3 35 32 45 60 95 
0 0 0 23 4 57 44 95 
1 0 4 14 19 41 67 65 
1 11 3 35 6 70 18 41 
0 0 2 7 7 36 57 105 
5 6 25 34 43 96 58 81 
0 6 0 30 4 39 50 43 
0 9 1 27 14 66 20 76 
2 10 8 27 26 45 54 60 
0 7 0 17 0 46 7 79 
0 0 0 2 25 27 77 50 
3 11 6 24 5 70 14 60 
0 2 8 5 20 27 53 82 
0 20 0 70 0 57 29 76 
6 20 8 31 14 46 23 62 
0 12 0 23 1 69 21 62 
1 0 9 17 13 40 42 93 
3 13 8 42 9 88 27 72 
0 21 0 45 16 49 58 54 
0 2 0 6 18 51 63 30 
0 12 4 52 8 76 20 89 
0 0 16 0 31 10 49 34 
0 0 0 1 0 55 8 52 
0 23 8 51 22 53 36 30 
0 10 0 36 2 76 7 90 
15 8 58 31 132 50 180 96 
3 17 5 63 27 100 81 49 
2 13 7 34 21 60 39 53 
0 1 3 10 23 33 34 55 
0 13 0 33 2 56 11 88 
0 11 1 42 14 48 35 68 
3 10 9 23 28 58 88 63 
0 19 0 50 0 60 1 75 
0 1 0 26 0 58 3 55 
2 0 8 3 11 48 27 106 
0 0 1 12 13 54 15 74 
0 5 0 27 8 77 34 43 
0 18 0 47 0 25 36 74 
3 3 4 49 11 67 29 54 
0 19 6 76 27 53 71 24 
0 4 0 3 0 11 30 45 
9 14 18 29 39 49 105 75 
0 0 0 28 11 89 31 77 
0 14 5 24 9 52 33 52 
0 19 4 35 6 41 68 58 
0 5 6 17 24 50 49 74 
0 0 0 3 17 17 40 81 
1 0 9 17 20 36 34 124 
2 3 21 26 46 44 72 62 
9 5 20 28 30 93 74 77 
1 18 2 32 13 46 37 57 
0 8 0 24 5 40 27 25 
1 8 6 9 8 5 25 78 
5 3 22 22 40 58 89 56 
0 9 2 41 14 47 31 53 
8 17 10 40 42 41 68 37 
0 0 0 12 0 24 38 82 
0 12 2 28 26 53 71 71 
7 11 12 34 45 67 109 94 
0 0 3 27 25 44 51 60 
0 28 18 49 31 61 36 72 
0 21 0 58 16 124 39 139 
0 3 4 23 33 39 61 63 
0 7 15 17 34 60 77 100 
1 7 7 26 10 67 7 68 
1 0 4 8 35 58 95 66 
0 2 0 12 0 49 18 44 
0 13 8 62 34 68 106 85 
0 4 12 14 30 53 38 66 
0 19 4 47 22 83 66 43 
1 18 7 50 16 84 46 84 
0 0 0 7 9 15 60 58 
0 1 0 23 6 55 29 71 
2 15 12 31 23 66 54 115 
5 3 9 19 8 57 23 50 
0 3 0 24 15 50 40 8 
0 0 2 1 36 28 51 68 
0 12 5 40 12 107 34 74 
0 11 0 28 0 47 7 99 
0 3 6 17 6 60 24 52 
9 1 17 24 39 52 84 63 
0 2 0 20 9 24 41 62 
0 1 0 21 2 53 25 69 
4 5 4 18 6 37 23 50 
5 12 9 38 33 91 55 53 
0 25 4 43 33 35 88 101 
0 35 0 80 0 87 7 58 
0 13 8 24 30 25 48 94 
8 7 37 6 70 20 116 78 
0 7 0 40 17 33 41 66 
3 6 4 13 12 57 37 78 
7 4 18 19 28 48 47 115 
1 4 22 28 65 84 74 105 
0 5 0 21 12 47 27 40 
0 9 0 12 9 36 43 67 
0 3 5 23 5 57 12 44 
0 0 0 22 1 63 22 85 
0 29 0 45 0 100 27 84 
3 4 9 7 22 16 49 39 
4 0 7 25 11 42 16 86 
0 6 8 22 59 63 99 91 
0 0 4 22 34 95 69 35 
0 7 0 21 2 39 17 78 
0 7 0 23 5 29 14 45 
0 0 6 14 27 23 40 35 
6 16 13 51 18 60 20 73 
6 6 12 18 27 16 98 61 
0 7 3 31 17 38 48 72 
1 3 7 17 20 55 33 40 
0 4 0 20 4 40 40 58 
0 4 0 10 16 46 30 88 
2 4 2 19 14 53 17 72 
0 32 0 41 7 38 39 35 
0 2 7 14 32 28 96 44 
7 1 13 5 20 35 35 47 
0 0 0 8 1 9 25 121 
1 7 9 45 23 80 117 42 
2 11 8 36 35 69 67 74 
5 2 9 18 23 51 28 83 
0 13 0 24 20 39 35 26 
7 6 15 52 50 103 65 77 
1 16 5 23 15 30 12 66 
3 16 7 25 8 62 9 45 
0 1 15 11 27 94 49 86 
0 11 6 40 17 56 26 80 
0 6 0 22 3 55 47 60 
0 12 12 37 31 51 60 36 
0 0 1 11 19 80 23 76 
0 1 12 4 35 40 55 84 
0 21 2 41 26 66 68 85 
0 7 6 10 33 28 51 88 
4 17 7 32 8 54 35 92 
4 2 27 33 78 52 127 53 
3 8 21 20 58 37 83 105 
5 7 9 39 10 134 36 64 
3 0 6 8 8 62 51 54 
3 7 5 25 9 30 39 29 
0 0 3 5 5 13 18 48 
0 9 0 17 0 58 32 52 
0 7 2 33 18 64 60 37 
1 2 11 20 26 65 85 89 
0 0 0 4 0 23 4 87 
2 9 8 21 19 32 72 56 
0 10 3 18 15 46 47 76 
0 26 0 34 7 63 27 60 
0 4 0 22 23 47 43 93 
0 9 0 31 0 78 14 105 
0 7 7 24 15 49 45 52 
11 12 17 34 24 58 31 83 
0 2 10 5 11 60 27 33 
5 4 18 17 40 37 76 46 
0 2 0 36 11 74 12 84 
0 4 0 28 0 60 45 71 
0 4 2 4 2 23 6 112 
0 1 10 5 32 77 76 55 
0 26 2 38 6 53 34 61 
0 4 2 27 24 33 34 125 
0 8 0 38 9 67 45 47 
0 2 0 21 5 50 5 77 
0 0 11 10 31 65 37 66 
0 3 0 14 0 50 0 54 
0 9 3 25 2 74 5 87 
2 6 11 37 20 76 29 92 
0 2 0 7 12 31 22 59 
10 5 28 20 51 20 107 72 
0 13 1 46 15 74 30 68 
7 13 10 27 14 65 40 45 
0 9 0 34 19 90 50 126 
5 22 19 40 70 62 83 114 
0 4 2 27 8 51 24 56 
0 1 4 23 34 61 117 51 
7 9 16 28 13 31 18 89 
9 18 23 30 65 54 110 65 
3 12 11 54 13 47 16 65 
6 3 14 48 13 70 12 59 
2 17 5 25 17 26 48 61 
0 14 1 29 2 64 2 88 
0 10 3 47 19 83 57 43 
0 19 4 31 24 56 112 59 
3 6 15 28 31 41 69 60 
1 15 6 47 16 79 51 62 
0 19 0 34 0 34 17 91 
0 22 0 30 3 55 12 52 
0 7 5 40 8 48 24 102 
0 6 0 17 7 48 25 43 
0 7 0 21 9 60 61 26 
6 9 16 18 27 55 43 97 
0 6 0 20 10 31 9 133 
4 0 4 37 7 44 47 53 
0 6 0 35 2 35 17 79 
2 17 3 19 3 34 3 66 
0 15 2 51 36 41 41 62 
0 0 0 8 15 45 34 77 
1 14 6 37 12 48 24 54 
1 8 8 13 15 29 32 65 
2 21 8 78 26 58 39 59 
0 0 0 7 1 46 1 92 
1 12 2 21 2 73 9 100 
0 2 0 2 18 36 73 88 
0 13 3 43 6 63 13 37 
0 2 0 15 13 60 60 67 
0 6 4 20 7 53 28 104 
2 7 3 21 2 51 10 92 
0 7 0 8 3 34 27 64 
2 9 13 29 42 52 77 76 
0 1 0 21 0 77 22 74 
2 3 10 14 16 50 16 64 
14 13 36 42 64 88 97 51 
6 1 8 5 10 34 23 80 
0 7 2 27 2 55 12 78 
4 9 15 10 26 46 54 61 
0 25 0 50 3 57 3 55 
0 5 0 30 14 68 32 104 
0 25 0 43 1 47 6 55 
0 4 5 11 23 59 45 81 
0 10 2 20 8 76 21 53 
6 19 6 52 6 114 20 84 
10 18 21 35 40 59 58 42 
4 0 9 6 26 39 42 81 
0 18 0 38 8 65 60 87 
0 3 9 20 22 24 26 58 
3 0 6 9 24 29 72 68 
0 11 1 26 10 57 32 64 
2 15 4 41 14 64 47 81 
1 3 1 24 11 67 17 125 
0 9 0 24 9 35 38 73 
0 6 2 22 12 23 26 46 
0 2 4 12 6 24 15 85 
0 16 4 33 11 51 25 44 
0 0 0 3 5 39 3 33 
0 1 0 4 5 20 28 48 
0 0 3 15 22 28 36 59 
0 10 0 38 4 65 10 60 
0 3 3 6 5 53 26 64 
0 9 8 25 31 27 69 94 
0 5 4 30 38 68 54 74 
1 9 5 37 26 50 43 69 
0 7 0 24 9 38 15 115 
0 3 3 2 12 50 111 59 
0 0 1 14 15 49 20 66 
1 4 12 20 16 35 49 65 
0 25 10 56 26 60 26 51 
1 13 4 24 4 46 13 88 
0 8 0 35 7 39 19 42 
0 20 4 30 12 44 41 51 
11 4 19 41 38 72 70 91 
0 13 0 23 17 22 24 54 
0 0 7 9 23 14 66 55 
5 3 8 17 22 35 27 78 
2 10 9 54 13 101 96 87 
0 11 4 21 10 30 32 49 
0 4 0 31 0 56 22 68 
3 4 13 27 22 65 45 75 
0 0 2 5 13 48 42 53 
0 15 0 28 16 56 31 93 
1 4 9 18 24 61 47 95 
0 3 3 8 16 47 43 47 
0 7 9 27 21 25 44 28 
0 0 0 5 0 18 8 25 
2 0 8 6 25 38 45 55 
0 0 8 21 21 85 38 41 
0 7 5 32 31 51 45 119 
11 25 31 56 41 64 48 46 
0 5 4 36 19 42 42 66 
0 5 4 14 5 31 25 30 
0 14 9 21 31 18 45 76 
0 30 0 69 6 103 37 66 
0 4 0 36 27 48 102 67 
0 3 0 20 7 72 72 54 
0 13 0 15 4 53 56 32 
0 6 3 36 16 80 28 99 
0 5 0 20 20 26 46 44 
0 18 0 58 17 32 72 22 
0 0 0 4 4 19 16 30 
1 9 1 17 1 41 39 81 
0 11 0 45 7 27 32 72 
8 4 8 14 10 34 13 21 
1 6 1 13 10 52 17 58 
0 26 5 34 20 39 38 79 
0 7 0 46 5 67 7 54 
2 9 4 34 37 68 95 62 
1 3 6 14 5 66 36 91 
0 2 2 18 14 40 45 40 
2 7 2 14 2 16 16 63 
0 14 0 19 0 55 20 61 
0 12 0 31 19 30 30 39 
0 9 1 24 11 22 31 34 
12 25 22 34 39 63 54 59 
4 15 7 18 14 55 28 68 
0 8 0 14 5 40 67 49 
0 7 9 40 44 79 77 71 
0 6 0 15 6 28 27 42 
0 5 2 29 1 52 11 66 
0 0 0 11 0 27 31 63 
10 0 18 2 27 51 28 67 
5 7 5 19 30 27 70 38 
4 0 10 24 20 35 56 63 
0 5 0 27 22 69 45 61 
0 4 3 10 47 49 69 52 
0 1 0 3 0 56 27 43 
1 5 1 20 6 47 70 48 
0 0 5 1 10 100 26 54 
4 16 24 28 67 57 94 100 
1 3 7 4 28 19 47 36 
0 4 0 16 17 13 61 25 
3 6 9 43 19 66 62 52 
0 10 5 27 5 96 13 58 
3 0 8 7 18 38 43 76 
4 0 9 4 26 62 85 84 
0 24 0 65 0 73 19 66 
0 1 0 13 1 44 13 74 
0 1 6 11 8 22 20 41 
4 4 9 8 27 40 66 87 
9 6 34 37 54 43 117 50 
4 2 20 14 36 52 49 83 
0 10 3 27 20 29 88 90 
0 8 0 28 12 59 27 65 
4 23 12 40 17 58 38 66 
2 6 5 18 12 50 9 65 
0 9 0 13 0 36 25 82 
0 6 0 22 0 68 21 47 
6 0 7 10 10 42 19 60 
0 15 0 36 6 52 17 76 
0 3 0 17 12 92 43 82 
3 8 9 38 16 69 73 41 
2 7 22 27 62 46 114 59 
13 13 18 32 22 73 27 64 
0 19 1 34 10 54 28 89 
0 4 0 18 23 48 85 74 
8 7 21 14 34 30 36 73 
0 0 4 17 28 94 46 79 
4 0 5 1 16 30 15 104 
10 9 32 35 68 44 87 71 
0 13 0 25 0 79 0 62 
10 0 19 0 41 61 86 117 
4 0 14 16 28 66 60 56 
0 5 4 16 12 26 26 74 
2 3 2 14 8 47 37 103 
0 7 0 20 0 54 61 77 
0 5 0 15 5 62 69 65 
0 5 0 31 1 42 40 116 
4 12 8 23 15 97 16 115 
0 0 10 24 25 30 82 54 
10 6 28 35 41 62 40 104 
0 21 0 17 0 32 26 66 
0 8 7 25 10 70 13 65 
0 8 15 31 39 45 69 60 
0 11 0 11 8 66 38 119 
2 9 4 42 8 60 30 63 
0 0 1 22 7 43 27 98 
0 12 2 16 14 36 41 49 
0 1 5 17 24 43 35 108 
0 8 7 29 48 75 63 86 
3 5 4 17 4 34 50 54 
0 9 0 25 0 50 28 43 
0 3 4 14 12 29 16 29 
0 10 0 35 10 76 29 90 
4 7 32 20 56 61 71 47 
0 9 0 25 4 34 37 48 
9 4 9 17 23 105 47 93 
0 8 2 8 9 32 41 72 
0 7 15 23 20 40 52 51 
0 2 6 19 6 32 9 94 
0 19 0 41 3 41 25 61 
0 9 4 15 12 23 67 71 
4 20 7 28 7 72 6 64 
2 0 10 21 13 54 42 80 
6 6 24 20 49 43 80 68 
4 0 4 2 13 76 29 114 
0 12 0 14 9 34 50 38 
0 21 0 29 1 58 32 41 
2 23 5 51 20 77 57 96 
3 20 8 35 19 55 52 31 
0 2 0 16 0 40 35 73 
0 14 0 22 4 24 35 44 
0 4 0 44 8 61 20 114 
0 19 0 44 0 76 23 79 
0 0 0 3 10 41 18 79 
2 3 7 17 12 89 44 121 
0 3 0 17 5 87 55 64 
0 0 0 12 4 19 15 61 
0 1 2 17 14 34 37 60 
0 1 0 15 9 43 81 98 
0 0 0 9 0 38 20 67 
0 5 1 14 12 67 43 65 
0 11 0 44 31 63 50 71 
0 18 0 36 3 39 42 85 
0 4 0 25 4 44 16 69 
0 7 3 32 3 69 69 79 
0 17 10 38 42 37 68 70 
0 0 0 16 4 90 11 86 
0 14 4 13 19 27 18 35 
2 17 7 67 60 81 154 94 
0 6 0 47 1 79 11 30 
0 14 1 18 25 16 27 42 
0 2 0 7 3 34 23 101 
0 22 3 63 6 95 41 120 
0 11 0 25 10 54 33 38 
0 8 0 8 0 81 30 36 
0 1 12 13 45 40 48 41 
0 8 0 20 2 39 12 49 
0 0 1 4 21 25 41 54 
4 10 11 43 46 40 115 38 
0 0 1 2 20 53 50 47 
4 14 10 35 10 42 12 69 
0 9 3 22 21 21 36 14 
0 3 0 24 13 38 118 94 
8 2 17 15 27 50 59 93 
9 18 20 35 53 35 63 113 
0 11 4 36 23 41 35 66 
0 15 10 20 30 30 75 57 
0 20 8 26 32 24 55 38 
0 0 0 6 3 36 56 72 
0 1 9 18 38 39 113 101 
0 6 6 33 20 31 36 71 
0 1 0 45 7 49 19 65 
7 2 8 15 15 44 19 49 
0 11 5 26 16 73 27 104 
0 3 6 21 20 48 72 120 
1 13 5 43 18 63 28 107 
0 12 0 28 0 49 7 56 
0 9 0 22 1 44 10 50 
0 10 0 30 22 48 40 35 
0 7 0 26 1 48 29 30 
0 9 21 48 28 71 38 43 
0 0 3 37 12 98 39 120 
0 14 0 41 1 108 12 36 
1 4 4 8 18 20 24 81 
15 0 17 10 26 70 80 36 
0 1 4 8 16 49 15 65 
0 3 4 15 20 35 37 98 
0 11 2 14 17 28 49 61 
3 19 5 40 10 43 46 61 
1 11 5 11 16 30 36 57 
11 0 21 3 54 22 70 42 
2 9 19 46 37 62 53 61 
0 26 0 64 3 135 7 51 
0 3 0 17 6 32 44 45 
12 20 24 30 74 65 86 79 
1 9 3 51 12 134 19 63 
0 2 5 21 18 36 27 54 
0 13 3 15 15 49 40 51 
0 15 0 8 0 24 14 83 
0 1 2 15 11 23 52 56 
0 16 0 54 1 67 22 79 
0 13 0 31 10 86 33 76 
5 18 23 56 48 74 71 48 
0 5 0 22 1 7 53 65 
1 4 1 27 13 38 55 67 
0 10 5 33 15 54 32 54 
0 7 0 24 34 49 82 75 
3 20 13 37 29 74 59 79 
0 4 0 22 33 44 32 39 
0 5 1 15 7 44 11 109 
13 17 19 61 32 78 50 44 
0 9 0 27 8 7 71 74 
1 8 11 30 12 50 34 39 
5 3 15 32 28 90 41 110 
4 4 14 19 21 84 55 60 
0 13 1 42 20 75 21 49 
2 0 7 2 25 24 78 62 
0 8 4 12 15 33 26 34 
2 12 5 45 15 67 52 60 
0 5 5 12 8 62 25 97 
0 1 3 39 13 110 20 51 
0 7 2 3 4 4 5 52 
0 5 11 17 40 40 64 60 
0 11 0 34 0 83 25 72 
0 11 1 31 18 30 38 44 
3 19 9 36 23 60 79 76 
3 8 4 6 7 46 14 75 
3 5 18 11 39 26 78 100 
0 2 0 14 9 38 23 69 
0 7 2 45 10 40 18 113 
3 4 20 21 37 61 33 58 
0 1 1 17 18 34 39 104 
0 5 0 21 0 23 16 77 
0 0 0 11 14 16 45 22 
0 11 1 25 23 70 59 82 
3 10 10 15 21 69 21 63 
0 8 9 16 23 39 48 56 
3 1 15 62 43 80 61 63 
1 0 7 23 31 57 56 24 
6 4 41 17 65 53 74 61 
0 12 0 30 18 39 71 61 
15 0 28 14 59 46 79 34 
0 14 1 47 21 105 53 104 
3 4 15 10 24 52 35 88 
5 0 12 25 21 36 60 28 
0 17 8 46 21 22 44 63 
2 20 4 46 12 64 11 83 
0 11 1 35 21 44 75 70 
0 4 17 4 38 4 59 59 
0 11 4 34 35 46 90 31 
0 4 9 6 21 25 44 71 
0 21 2 32 17 38 43 80 
6 0 15 4 26 17 43 56 
2 16 7 34 17 31 77 120 
0 7 12 25 28 48 67 57 
3 21 11 47 14 52 21 57 
8 0 15 16 41 50 104 74 
6 5 13 19 36 54 28 85 
0 2 0 21 9 50 36 53 
0 22 1 44 1 46 1 44 
0 16 0 58 0 63 12 51 
1 3 3 6 23 11 49 51 
4 16 10 25 34 36 52 63 
0 2 0 21 4 38 17 95 
0 2 0 11 14 25 55 66 
0 8 6 17 32 60 79 102 
0 14 3 43 4 40 9 93 
0 17 5 64 22 79 35 71 
0 0 0 32 19 57 64 117 
2 4 6 43 18 72 25 50 
1 14 5 23 14 24 38 58 
0 1 4 23 4 67 17 71 
2 2 3 3 8 31 47 62 
0 8 6 27 11 47 32 82 
3 2 3 21 15 87 35 84 
0 3 4 9 7 50 39 78 
0 8 14 20 78 24 103 44 
0 8 0 26 8 50 11 94 
0 0 12 7 25 68 84 68 
0 0 9 9 19 62 64 78 
0 12 23 59 52 59 85 65 
1 8 2 27 14 43 26 72 
13 3 22 24 40 43 51 65 
0 13 0 32 0 104 27 29 
0 1 1 31 1 90 26 78 
3 5 5 5 19 25 25 75 
2 6 8 16 14 22 83 30 
1 9 6 15 31 48 29 52 
0 0 0 2 8 42 18 86 
3 28 15 33 29 47 66 121 
0 5 7 11 12 45 14 76 
5 2 11 21 32 82 77 41 
8 6 17 26 60 46 67 53 
0 6 6 15 33 54 67 99 
0 16 1 35 27 62 29 88 
4 9 8 35 6 84 70 53 
0 6 4 17 15 49 73 79 
0 12 4 16 32 20 44 75 
0 10 4 37 17 81 18 83 
0 26 4 53 21 41 39 59 
1 4 2 12 10 28 44 44 
0 11 0 21 20 31 26 35 
1 6 9 14 34 34 65 72 
1 0 5 5 4 29 26 77 
0 0 4 20 7 38 63 92 
3 6 8 9 16 25 93 73 
4 0 12 14 27 43 32 69 
0 8 0 19 0 40 5 58 
9 7 10 27 14 49 58 83 
3 19 9 48 37 53 73 89 
0 1 7 36 15 118 30 93 
1 13 8 32 23 91 65 107 
0 0 2 8 23 14 55 63 
0 4 4 40 18 41 30 52 
0 4 0 28 1 41 22 31 
0 0 6 2 16 10 42 59 
0 8 4 17 25 47 58 115 
1 0 14 30 41 89 88 91 
0 18 0 19 0 32 23 36 
0 15 0 9 21 38 60 61 
2 11 6 18 14 65 67 66 
1 1 4 14 4 37 39 42 
5 0 4 17 15 38 41 77 
0 15 2 32 16 50 58 71 
2 14 16 35 24 65 28 101 
3 1 4 17 32 135 84 93 
0 1 0 13 0 35 10 70 
2 7 7 14 18 26 33 49 
0 8 0 26 13 84 10 122 
0 2 0 10 9 34 13 73 
0 11 1 29 4 55 5 55 
0 3 0 19 17 72 15 54 
1 4 1 21 1 53 13 60 
0 3 0 13 15 23 21 39 
5 14 17 29 24 44 42 71 
0 4 0 25 2 44 2 36 
2 16 15 14 29 37 50 81 
3 11 11 28 65 43 129 25 
0 6 1 32 1 61 17 75 
4 14 7 64 23 77 67 67 
1 0 6 4 18 37 29 78 
0 0 3 5 24 32 23 39 
0 25 5 44 37 39 56 67 
2 2 4 27 15 95 25 82 
0 0 1 23 6 71 37 42 
0 14 0 32 5 30 65 51 
2 3 12 15 51 31 133 21 
2 24 5 77 17 79 56 82 
0 0 0 5 9 94 57 66 
1 9 3 32 9 30 27 88 
0 9 0 25 8 36 14 48 
1 3 2 5 15 37 39 89 
4 6 11 22 26 32 84 70 
0 5 0 29 6 61 19 53 
0 2 0 22 20 41 81 121 
0 13 0 26 5 47 5 60 
0 0 2 6 2 26 34 49 
0 9 0 41 12 60 47 73 
4 0 19 25 45 37 53 74 
0 16 4 37 5 55 11 23 
0 12 0 21 0 39 52 107 
0 4 2 16 6 46 22 48 
0 2 0 22 8 37 47 41 
0 5 0 33 2 62 12 47 
0 0 1 1 16 55 41 32 
0 19 0 48 15 71 97 105 
0 5 3 11 10 67 36 64 
4 12 11 25 34 38 69 49 
0 5 3 24 9 54 54 61 
3 4 6 23 19 83 22 63 
0 11 1 33 20 51 54 55 
0 8 10 19 23 66 47 51 
0 7 0 19 0 52 11 83 
0 1 6 27 45 48 61 45 
0 3 16 16 55 37 99 20 
0 17 11 29 17 17 13 59 
0 3 0 15 2 40 27 52 
