10 10 20 20 40 40 80 80 
5 7 22 17 58 22 83 12 
0 7 0 40 1 91 3 89 
0 3 0 30 0 45 32 35 
0 2 0 3 13 12 22 12 
0 4 0 19 10 80 33 18 
5 13 5 31 28 32 45 16 
0 8 0 38 7 70 41 66 
1 11 6 38 6 64 27 25 
0 11 6 43 21 68 38 39 
2 1 13 3 36 11 44 10 
0 16 10 34 14 52 38 5 
0 3 0 15 1 59 48 60 
0 0 4 21 28 52 63 11 
0 4 0 11 0 91 30 42 
2 11 9 31 26 32 41 24 
6 9 10 26 33 60 38 23 
0 31 0 72 18 49 47 27 
0 13 0 36 18 48 80 5 
5 10 11 19 11 46 10 16 
0 1 12 29 47 35 67 10 
0 10 8 19 25 59 52 17 
0 5 1 6 20 34 97 55 
2 3 13 8 28 17 69 3 
2 17 5 38 33 48 67 19 
0 2 0 9 45 5 94 2 
0 3 6 13 20 42 34 54 
8 6 10 19 16 15 27 44 
0 19 2 24 33 24 113 7 
0 5 0 18 4 34 57 48 
1 5 5 28 10 26 30 40 
3 5 17 15 38 41 71 36 
0 6 0 31 2 66 56 28 
0 2 0 25 0 23 23 13 
0 3 0 7 9 15 70 23 
0 3 1 26 7 49 17 86 
1 9 15 11 30 18 48 8 
5 0 7 3 22 14 91 14 
4 9 11 12 23 52 60 55 
0 4 0 11 26 52 182 78 
1 26 10 49 15 40 53 29 
12 10 22 36 68 45 127 9 
0 4 5 23 4 64 17 44 
0 5 0 58 3 91 12 35 
3 0 8 6 16 37 36 61 
4 0 5 13 12 37 33 23 
0 0 4 21 23 19 79 1 
0 13 9 20 16 28 28 59 
2 8 4 30 12 63 14 45 
6 8 8 45 11 39 29 62 
0 3 0 37 11 83 39 82 
0 0 0 32 5 56 16 52 
4 0 17 13 30 34 84 13 
1 3 12 20 35 36 92 3 
7 6 18 10 50 6 68 0 
7 5 16 18 49 15 61 10 
2 0 4 0 15 31 36 33 
2 6 2 21 4 31 26 55 
9 5 13 13 20 16 31 15 
0 7 0 21 17 76 71 13 
4 4 9 20 19 21 27 5 
1 4 5 3 26 13 21 35 
0 18 6 53 11 75 36 21 
0 2 0 21 15 40 47 22 
1 2 3 9 8 30 51 21 
0 4 0 34 4 34 22 75 
0 3 0 15 29 26 64 11 
2 4 7 20 16 36 40 29 
0 6 0 53 3 80 28 30 
0 16 6 23 23 32 59 67 
6 10 15 35 23 66 38 23 
0 0 0 25 9 53 41 11 
1 7 19 23 42 30 64 9 
2 4 20 14 53 78 88 28 
3 7 3 19 2 32 25 38 
0 14 3 16 16 39 37 22 
5 5 16 9 28 17 57 1 
0 1 0 31 15 46 25 51 
2 19 9 20 26 24 52 5 
3 0 11 30 24 83 21 31 
0 16 0 23 22 39 60 30 
0 13 6 32 35 34 72 18 
0 24 0 36 6 39 28 13 
0 5 0 62 25 80 38 36 
0 6 1 17 14 25 28 32 
5 33 22 38 72 11 109 18 
4 5 7 18 9 69 6 76 
12 0 28 2 48 8 72 40 
5 21 7 43 29 46 84 14 
4 0 20 6 52 34 94 10 
1 9 4 27 8 79 10 63 
0 6 1 18 12 48 20 48 
8 20 18 74 33 69 60 28 
0 0 3 12 28 27 94 12 
3 0 13 15 36 18 45 38 
0 2 11 22 33 13 90 2 
0 10 0 30 4 42 13 84 
0 24 0 39 0 40 40 37 
0 7 2 30 32 21 112 10 
0 15 0 40 0 68 21 52 
2 11 11 42 13 50 15 30 
0 6 5 29 10 39 47 54 
0 1 0 19 21 35 46 14 
0 5 19 9 37 17 54 8 
0 0 4 14 19 22 46 8 
0 7 1 55 37 81 83 32 
0 32 1 50 20 55 84 21 
2 8 8 19 37 28 49 7 
4 0 7 0 9 1 50 25 
0 5 0 26 13 67 29 16 
0 11 0 19 11 24 28 19 
0 2 4 7 22 3 60 19 
0 16 3 33 3 86 3 131 
3 0 5 4 20 29 30 45 
0 7 0 13 0 27 17 49 
0 12 0 20 18 56 45 12 
3 12 14 38 37 39 64 14 
0 5 0 19 2 37 17 24 
0 9 20 16 52 17 148 4 
3 1 3 6 16 72 38 84 
9 0 14 32 17 47 45 77 
2 3 2 11 12 22 8 48 
4 4 10 23 9 43 10 60 
19 0 45 3 82 18 130 2 
10 0 42 28 80 45 117 16 
2 14 8 42 13 34 23 53 
1 7 5 11 13 35 42 29 
7 4 9 28 8 23 21 25 
0 2 5 10 27 42 44 12 
10 3 14 24 62 29 95 6 
0 4 0 3 0 18 10 58 
7 0 16 1 33 4 62 0 
0 5 0 22 1 49 25 73 
5 4 15 18 32 41 74 8 
1 0 10 0 20 11 45 52 
0 5 0 12 23 51 52 54 
5 8 13 32 23 52 33 31 
0 0 4 8 14 6 31 3 
0 25 10 56 33 29 61 30 
2 16 9 52 23 59 51 22 
0 1 2 17 19 45 49 44 
0 19 3 53 15 63 97 39 
0 3 0 13 0 43 35 37 
0 4 0 13 3 51 44 62 
0 8 0 30 0 54 10 48 
0 4 6 15 31 34 79 75 
2 2 4 18 28 11 35 1 
0 7 0 13 8 38 80 47 
1 10 19 24 55 44 59 15 
0 10 0 42 0 88 27 56 
0 3 0 15 2 88 62 58 
0 14 6 45 23 79 43 52 
0 6 0 22 11 57 46 51 
2 10 2 32 7 34 58 7 
0 2 2 12 14 37 82 40 
0 2 3 12 9 37 48 27 
2 4 9 24 35 38 72 15 
0 10 8 27 30 31 61 19 
0 8 4 25 30 59 81 33 
0 5 3 12 9 45 34 37 
0 9 3 30 21 28 38 10 
1 14 15 18 44 38 108 36 
5 15 14 31 21 44 25 42 
0 4 0 19 0 62 21 20 
1 9 10 24 18 34 39 29 
6 11 13 9 30 22 104 42 
6 0 10 13 19 23 46 42 
0 9 0 17 0 63 22 53 
0 3 0 32 8 55 34 44 
0 13 0 30 4 52 44 53 
3 10 6 31 23 59 82 9 
0 9 0 8 5 13 56 52 
7 10 19 19 55 24 85 2 
8 24 16 73 29 98 62 26 
0 0 9 1 16 22 13 42 
0 1 24 6 68 4 102 0 
12 0 13 38 17 56 40 57 
0 1 1 8 17 38 39 17 
0 0 0 0 7 56 21 41 
0 5 9 34 17 55 54 21 
0 5 0 31 23 39 69 15 
0 1 11 14 35 48 66 28 
9 0 12 3 27 10 66 5 
5 8 3 11 11 26 19 16 
0 0 4 15 8 22 9 26 
7 4 28 27 52 38 116 7 
4 7 4 25 16 50 25 18 
0 0 0 17 15 38 12 41 
0 3 10 17 18 21 42 6 
0 6 5 20 21 12 57 38 
0 19 0 28 4 46 21 10 
0 31 0 52 2 71 20 30 
2 13 14 45 30 75 59 26 
2 13 4 40 6 51 49 46 
0 6 0 18 20 21 60 29 
2 10 7 22 24 35 33 28 
0 6 0 24 6 29 31 18 
0 10 7 20 29 66 77 33 
0 0 1 6 20 35 76 26 
0 11 0 13 19 28 34 19 
0 7 0 12 0 25 25 16 
4 4 19 10 29 48 36 36 
0 5 0 12 9 6 36 18 
0 0 0 10 14 18 43 11 
0 4 3 11 13 31 24 55 
3 7 15 20 24 55 30 21 
0 13 0 34 12 83 26 27 
5 4 7 18 21 39 36 27 
7 0 15 0 45 0 68 0 
0 0 3 6 37 23 69 52 
0 1 3 5 9 32 29 27 
1 4 7 6 34 18 61 3 
0 25 0 25 5 26 53 29 
0 0 0 31 0 75 27 97 
5 5 7 6 7 13 15 23 
0 25 2 62 24 60 40 25 
0 2 0 20 0 59 10 70 
5 0 10 0 30 6 61 20 
1 0 1 13 3 27 21 49 
0 3 1 14 2 44 17 33 
0 7 0 18 3 51 26 51 
0 18 2 45 4 53 9 59 
0 14 0 33 1 107 14 62 
0 1 2 16 16 52 58 19 
0 11 0 18 2 68 17 55 
3 1 24 6 41 9 77 2 
0 3 0 16 0 22 43 20 
0 0 0 15 19 40 77 60 
0 5 4 24 22 74 86 34 
0 41 11 51 23 39 26 7 
0 2 0 7 34 32 63 3 
0 12 0 26 0 78 20 39 
0 2 0 18 2 46 23 44 
0 0 0 9 16 48 18 52 
0 13 2 38 3 49 43 58 
3 5 8 24 21 30 45 6 
0 1 7 11 19 15 25 53 
0 4 3 20 3 56 25 36 
0 8 0 38 3 63 23 73 
0 3 0 28 13 60 24 40 
0 2 11 4 24 28 61 8 
4 0 7 0 9 13 29 33 
0 16 4 29 33 34 100 24 
0 9 1 28 12 23 38 37 
0 4 0 19 22 64 45 35 
0 0 4 0 7 24 27 54 
1 0 8 23 9 38 23 46 
1 8 7 29 42 76 45 38 
7 19 10 29 27 13 58 1 
0 4 6 16 13 46 57 26 
0 3 2 9 21 7 36 27 
0 14 0 49 0 76 9 42 
12 3 32 6 71 3 109 1 
3 0 8 1 31 28 46 27 
0 3 3 12 23 59 84 25 
0 15 0 52 10 68 59 45 
0 0 0 28 0 61 14 79 
0 0 11 5 43 18 49 15 
4 6 7 21 30 12 31 11 
4 1 8 13 36 11 71 1 
2 7 2 28 2 31 11 54 
3 7 12 33 26 23 50 4 
0 3 0 32 16 104 70 40 
5 3 9 6 12 32 65 29 
5 0 11 4 31 8 34 7 
1 1 17 8 39 15 52 6 
0 0 0 22 2 50 19 43 
0 6 0 25 11 45 63 13 
0 12 8 20 17 24 64 33 
0 4 6 51 34 63 49 16 
0 3 6 35 13 54 36 35 
0 3 0 11 11 25 54 41 
3 12 9 16 26 36 88 26 
0 3 0 5 2 21 41 15 
0 2 11 9 22 31 68 11 
0 1 0 32 6 69 23 57 
0 3 2 14 4 35 22 32 
0 11 5 33 22 30 42 62 
0 1 0 7 11 32 36 57 
3 0 30 4 70 5 86 0 
1 1 13 8 23 28 56 13 
0 2 4 9 14 15 29 35 
5 8 16 22 30 34 83 25 
8 15 14 30 23 60 58 10 
0 0 3 15 14 58 16 79 
8 0 10 6 10 35 25 40 
0 5 0 17 1 73 31 30 
2 0 2 0 6 30 12 30 
0 0 0 1 3 28 33 21 
0 0 0 13 12 30 53 40 
0 5 1 23 13 71 40 22 
10 15 27 34 39 72 63 10 
3 1 21 6 52 16 72 44 
0 13 0 21 3 45 43 26 
0 12 9 24 22 20 37 26 
0 6 1 8 33 44 76 15 
0 16 0 45 14 47 65 8 
5 13 15 8 26 3 83 18 
0 0 6 4 29 17 48 28 
2 4 14 10 22 22 40 14 
7 10 22 23 49 6 76 17 
3 4 7 29 59 49 129 18 
5 1 14 17 26 26 55 25 
19 1 28 9 52 32 65 9 
0 10 0 33 21 17 73 13 
0 4 0 28 9 60 23 47 
0 10 1 46 13 41 69 20 
1 1 9 20 31 30 98 35 
0 4 8 2 10 25 21 19 
6 17 15 34 18 34 22 25 
0 6 0 21 12 21 46 15 
2 6 3 21 3 40 4 57 
0 1 0 11 0 65 31 76 
0 6 1 13 7 45 62 9 
2 0 9 23 40 45 50 31 
0 8 1 30 1 24 9 61 
0 8 4 26 21 57 55 17 
6 12 9 22 27 70 104 13 
2 6 6 26 40 23 72 18 
0 5 1 14 17 23 74 82 
2 1 9 14 27 7 97 0 
0 1 0 3 35 49 40 12 
1 1 5 10 34 29 79 4 
0 0 7 11 7 17 13 42 
0 9 1 44 30 26 89 7 
1 0 12 11 33 30 68 80 
0 0 0 3 0 32 8 75 
0 0 0 6 3 51 23 59 
0 2 6 25 15 29 31 3 
0 6 3 20 22 22 24 9 
3 9 5 20 8 38 29 34 
0 15 6 23 7 9 11 32 
2 8 5 31 27 34 41 33 
3 9 11 25 48 30 69 9 
2 5 8 40 20 42 25 4 
3 3 8 29 22 35 60 4 
0 9 4 34 14 45 53 15 
0 0 0 14 7 44 28 86 
0 6 2 26 27 61 71 12 
2 0 5 0 6 5 13 53 
0 1 0 24 14 25 34 19 
0 20 0 43 9 69 47 46 
0 10 5 11 14 44 38 20 
0 5 13 31 32 34 35 24 
0 9 0 50 11 52 39 25 
0 10 4 34 27 61 86 29 
0 17 0 54 2 59 2 31 
2 2 8 7 19 41 16 41 
1 30 5 34 11 45 27 41 
0 11 4 36 10 77 66 35 
9 2 19 17 62 35 64 14 
0 0 1 10 1 52 53 30 
1 13 5 34 22 55 106 44 
7 10 29 33 57 52 54 39 
0 9 0 27 7 47 28 21 
3 0 4 0 21 35 35 27 
0 0 0 8 6 26 17 65 
1 12 4 32 22 55 88 40 
0 13 0 39 1 60 37 43 
0 21 2 56 16 52 47 16 
8 13 13 30 17 43 14 28 
0 19 7 53 11 43 26 89 
0 13 0 42 5 60 20 25 
0 9 0 20 14 43 39 30 
4 10 5 53 29 63 57 13 
0 7 0 23 0 53 21 37 
1 0 12 16 27 22 57 6 
4 6 10 16 34 51 56 18 
0 1 4 17 12 8 29 17 
0 0 0 6 13 26 42 28 
0 10 0 25 4 62 13 71 
0 5 0 25 7 54 45 79 
0 5 0 31 4 51 27 63 
1 11 6 39 33 70 55 62 
2 0 7 27 8 37 32 30 
2 7 4 15 12 29 15 38 
6 7 15 17 37 38 59 7 
1 6 4 18 18 5 51 45 
0 7 4 22 12 40 27 37 
1 8 1 27 3 43 84 44 
0 3 4 22 9 37 45 70 
0 4 0 20 0 34 20 42 
0 7 0 35 21 45 48 24 
0 1 0 24 2 28 21 39 
1 5 4 37 7 42 40 61 
0 5 0 31 14 61 29 75 
0 4 0 6 4 72 25 65 
0 1 0 13 8 42 29 21 
0 24 0 44 2 81 40 32 
0 3 0 15 7 71 10 22 
0 0 3 6 17 19 22 23 
4 0 12 11 61 15 137 9 
0 0 1 26 25 69 54 20 
13 0 23 5 47 12 69 31 
0 13 9 43 26 42 82 12 
0 13 0 17 1 49 2 83 
0 13 8 45 25 86 39 29 
3 1 9 13 16 47 29 9 
1 0 7 7 21 12 45 0 
2 6 6 31 43 29 44 10 
0 9 5 25 12 36 22 46 
0 25 11 33 55 59 94 34 
1 2 4 15 10 20 54 6 
1 6 1 12 1 52 13 55 
0 1 0 12 24 45 83 9 
7 23 20 48 37 54 61 38 
0 2 3 18 13 69 38 49 
0 10 0 42 17 70 48 22 
6 5 13 24 17 48 54 33 
0 9 2 21 2 34 10 23 
0 14 0 22 0 24 23 44 
0 3 0 23 0 68 33 56 
0 15 0 42 0 83 1 89 
3 11 3 25 15 51 50 38 
0 9 0 29 0 58 29 38 
1 19 7 37 6 87 6 53 
0 17 6 43 22 61 51 16 
2 0 12 0 23 40 60 14 
7 10 9 34 22 22 46 25 
0 3 4 13 5 34 19 22 
0 5 3 18 26 38 59 12 
0 10 4 30 25 61 69 26 
0 8 5 23 28 47 58 42 
0 1 0 1 1 39 16 49 
1 3 2 7 13 40 24 42 
0 12 0 16 11 51 35 20 
0 11 2 39 20 84 20 32 
1 5 6 13 12 31 49 47 
0 11 0 37 0 33 3 77 
1 9 7 39 23 54 43 19 
5 6 16 17 18 50 31 45 
9 5 14 30 15 55 30 90 
9 1 14 38 15 62 15 40 
0 14 5 49 13 89 51 40 
0 9 9 36 9 49 34 60 
0 6 0 19 0 39 0 27 
0 0 1 5 26 9 53 28 
4 0 8 7 25 21 68 20 
3 10 21 18 39 5 43 0 
3 9 4 31 39 55 80 7 
3 1 8 1 14 17 34 41 
0 15 0 19 0 36 52 88 
0 0 4 21 13 49 47 28 
3 7 10 20 14 14 57 2 
0 10 1 42 9 36 29 24 
0 14 0 39 0 74 14 72 
0 14 1 26 20 54 67 55 
1 19 3 34 24 37 65 29 
4 2 11 0 17 18 101 6 
5 0 11 9 14 31 17 29 
4 0 19 0 34 15 98 9 
0 3 3 28 18 59 142 8 
0 27 0 35 0 50 18 54 
1 10 1 12 5 69 56 55 
2 5 10 18 26 16 41 46 
0 2 4 27 15 50 17 45 
5 12 16 74 30 64 51 39 
6 7 20 10 41 4 72 2 
3 2 11 8 29 13 82 5 
0 6 1 9 18 35 52 14 
13 0 25 11 53 30 86 30 
0 15 10 22 31 28 81 0 
1 8 5 18 12 10 25 36 
0 5 5 31 7 31 17 16 
0 7 0 28 0 44 9 37 
0 2 5 15 37 52 108 8 
0 16 5 40 19 99 38 36 
2 3 6 16 19 44 20 37 
0 9 0 27 25 29 63 3 
2 0 8 1 13 20 54 45 
3 0 8 19 7 22 17 24 
1 11 1 9 12 35 40 51 
0 2 4 7 37 3 85 1 
0 2 8 12 12 42 41 43 
0 3 0 2 2 20 28 36 
0 14 4 28 33 20 77 43 
3 1 20 4 39 17 46 14 
1 0 11 10 15 10 25 20 
0 6 10 51 39 54 39 9 
2 18 4 22 18 42 61 25 
1 1 1 9 11 48 31 80 
2 0 18 13 37 18 41 69 
0 1 0 24 7 32 38 13 
3 6 7 20 23 39 81 9 
0 7 0 37 0 92 0 42 
0 3 0 4 3 31 12 67 
0 7 0 35 0 38 7 29 
7 0 16 29 23 74 60 30 
0 3 3 25 14 35 27 113 
8 3 19 18 46 16 116 0 
4 3 20 3 42 52 90 9 
1 11 4 18 23 18 30 7 
3 8 6 26 28 5 143 43 
0 0 1 12 0 99 1 96 
0 7 2 53 7 34 16 25 
0 17 0 37 28 76 73 52 
6 0 16 2 20 2 19 9 
1 4 2 11 13 38 39 18 
1 3 5 12 13 19 39 39 
4 14 8 25 35 46 30 20 
6 7 8 17 9 54 10 20 
0 9 0 15 0 27 26 59 
7 0 23 4 34 20 58 2 
8 9 21 26 48 19 52 5 
1 0 4 18 9 35 38 31 
0 12 2 39 12 77 33 15 
7 3 18 34 32 96 69 45 
6 6 13 45 21 57 48 28 
5 0 11 0 14 26 51 42 
1 2 2 6 14 26 53 35 
0 6 0 16 10 26 66 35 
0 0 0 28 3 73 42 23 
0 4 0 16 8 32 71 90 
2 0 9 7 24 6 55 10 
8 0 17 10 47 7 98 0 
0 3 0 3 10 37 21 77 
0 5 9 11 18 29 36 39 
0 13 0 36 1 57 22 37 
0 0 0 0 10 27 34 12 
7 4 12 24 23 39 66 6 
5 10 9 17 12 31 12 69 
4 9 20 7 55 4 79 21 
0 3 8 21 23 102 82 44 
0 4 0 15 3 67 26 40 
3 1 10 26 18 54 46 19 
0 4 0 22 4 45 22 73 
0 1 0 23 0 30 43 22 
0 2 0 18 7 26 59 28 
0 13 1 25 8 39 41 49 
1 18 4 35 12 18 24 20 
0 8 4 13 18 42 61 20 
5 11 16 12 39 5 133 9 
5 11 8 50 24 64 77 12 
0 18 5 66 12 62 20 45 
0 13 0 18 29 56 66 17 
0 9 0 41 9 23 31 44 
3 1 11 22 63 26 87 22 
0 2 0 4 16 25 59 32 
0 0 1 27 2 36 40 77 
0 14 0 39 12 67 47 45 
0 10 0 21 16 33 29 27 
0 5 0 7 1 21 10 57 
0 13 0 36 0 59 14 82 
5 12 11 48 11 73 18 41 
9 0 16 7 48 2 87 16 
0 12 0 30 3 65 42 34 
1 13 8 34 38 65 54 20 
0 10 5 29 12 37 36 9 
0 13 2 23 2 51 14 47 
1 0 2 19 16 49 106 27 
4 5 7 24 18 31 40 10 
2 18 5 32 14 74 26 46 
0 8 0 26 4 60 23 86 
0 2 3 11 9 53 53 81 
4 17 24 39 54 46 68 11 
9 4 14 9 32 52 71 12 
5 12 14 26 26 35 70 5 
7 3 24 12 42 19 98 12 
0 26 3 79 2 88 50 28 
0 15 0 32 17 47 36 20 
0 19 22 34 64 28 65 4 
0 15 4 14 7 34 19 32 
2 0 10 0 22 6 69 31 
0 0 0 40 6 36 20 25 
0 1 0 15 5 81 68 23 
0 5 0 31 0 44 10 44 
0 0 0 13 15 27 51 10 
6 3 20 19 36 9 44 22 
8 0 29 0 42 0 52 9 
11 0 29 1 45 15 51 15 
1 11 1 24 1 67 1 102 
4 3 4 14 26 20 101 13 
0 5 0 21 1 65 11 62 
0 1 4 19 16 48 14 99 
7 16 21 41 39 58 46 9 
14 0 24 0 42 2 91 2 
0 2 2 37 11 50 31 44 
0 0 0 0 0 3 8 56 
0 4 3 2 18 1 42 8 
0 1 0 30 6 77 21 68 
0 6 2 19 9 65 27 35 
0 3 0 13 28 30 85 6 
0 2 1 20 23 47 31 36 
1 13 5 32 22 34 41 17 
6 30 19 47 56 45 100 6 
1 1 5 22 23 12 54 2 
1 0 19 32 36 39 38 6 
0 6 14 33 28 31 60 25 
0 8 0 30 1 46 49 57 
0 3 0 22 0 50 16 38 
0 4 0 23 15 42 33 18 
8 7 19 24 38 21 48 3 
0 1 0 23 25 66 29 41 
4 23 5 38 7 47 20 64 
0 25 0 20 1 39 35 30 
4 6 11 49 29 44 37 17 
7 4 17 2 29 16 49 11 
0 8 1 23 4 68 14 47 
0 4 0 13 0 51 5 67 
6 7 10 18 22 46 45 8 
8 10 11 20 29 59 43 20 
2 8 8 31 8 63 11 75 
0 5 0 20 0 49 9 53 
0 11 0 32 3 58 16 31 
0 2 1 17 10 46 12 64 
0 3 2 27 13 52 31 20 
0 10 4 25 18 10 58 35 
0 27 0 54 14 78 27 48 
0 3 4 23 9 40 40 29 
0 12 4 20 21 24 53 63 
5 8 8 20 19 43 59 68 
5 0 9 1 17 28 32 16 
0 1 2 7 51 36 129 9 
2 1 1 25 6 40 13 58 
4 17 8 30 40 46 123 11 
0 12 3 49 13 49 24 11 
3 9 7 11 9 34 19 8 
0 2 8 18 31 27 98 23 
2 31 4 53 4 30 77 83 
4 21 10 31 15 31 19 12 
0 7 4 43 27 27 59 3 
14 17 26 38 47 16 44 3 
0 13 0 25 0 38 41 52 
0 0 4 36 9 38 35 58 
0 16 0 36 9 30 39 6 
3 7 17 12 33 17 41 66 
0 2 2 15 3 45 10 51 
0 0 1 9 14 36 47 31 
2 7 3 39 11 34 46 64 
0 3 5 31 30 43 68 7 
0 18 3 40 7 49 33 61 
4 3 9 3 21 21 64 17 
0 9 4 6 39 15 80 1 
5 1 21 17 45 25 61 2 
0 6 0 28 0 97 10 55 
0 0 3 35 15 54 32 101 
2 7 27 29 39 75 58 15 
0 1 0 38 25 75 72 40 
3 0 5 15 42 60 75 12 
7 5 16 5 35 1 59 2 
0 9 0 57 1 73 22 42 
0 4 0 17 1 43 49 14 
0 15 6 42 33 105 70 42 
0 21 0 60 0 72 0 77 
2 29 2 40 48 36 94 11 
0 9 1 12 10 8 65 31 
5 13 16 29 36 30 75 9 
7 4 11 22 26 40 61 17 
0 0 0 24 0 50 0 54 
5 11 14 17 62 13 91 0 
1 13 16 12 36 38 69 10 
3 0 9 30 33 48 63 12 
0 0 8 1 29 35 38 21 
16 0 29 6 44 13 70 1 
0 17 1 42 15 51 47 57 
0 12 5 47 36 107 47 63 
12 2 27 20 66 21 123 1 
0 3 7 13 9 60 40 44 
0 11 4 17 25 39 42 47 
0 6 0 19 1 28 19 57 
1 8 2 14 2 34 16 22 
12 13 24 42 47 22 102 6 
0 2 3 39 20 30 32 5 
0 9 3 35 27 61 137 25 
0 0 0 4 13 29 51 25 
1 12 3 26 24 24 47 18 
0 24 5 46 10 54 40 37 
6 4 22 3 68 2 91 0 
0 7 0 10 0 22 16 70 
0 4 3 21 7 24 16 52 
10 13 27 33 53 35 66 10 
3 6 6 27 14 45 17 29 
0 3 0 10 20 6 59 51 
15 11 23 9 27 32 55 11 
5 0 16 15 28 26 53 9 
0 3 0 16 6 24 45 13 
10 11 28 14 46 6 60 7 
0 8 8 29 18 9 50 11 
0 0 0 12 23 46 79 11 
4 14 9 17 13 40 20 19 
0 1 0 29 3 71 38 34 
2 11 7 35 40 27 85 3 
1 3 6 10 4 10 8 46 
0 6 10 33 34 31 71 15 
3 2 3 20 30 33 78 46 
8 1 14 11 18 10 34 10 
0 31 0 81 2 78 26 34 
3 3 10 29 24 34 46 27 
0 1 0 4 4 37 23 76 
0 3 0 25 16 43 21 19 
1 0 6 13 21 32 52 5 
0 1 1 26 20 49 41 36 
0 9 0 38 15 50 56 34 
0 0 1 11 13 13 106 9 
2 3 6 23 5 38 16 19 
11 10 15 15 25 38 51 35 
0 16 0 21 0 66 2 88 
4 0 14 0 19 23 31 48 
1 20 1 42 12 32 69 16 
0 5 0 18 25 18 57 2 
4 17 13 33 13 12 34 9 
0 2 0 20 3 58 11 33 
0 17 2 21 14 20 36 47 
0 4 2 33 24 24 51 57 
1 3 4 36 18 50 26 30 
0 3 7 8 36 40 73 8 
0 3 4 17 21 10 40 9 
0 4 0 20 0 47 32 49 
1 0 7 19 16 56 36 22 
0 9 0 26 1 77 29 29 
0 19 1 30 6 27 39 53 
1 2 2 6 3 69 30 75 
1 7 5 23 29 73 70 16 
0 0 11 1 22 44 50 13 
0 0 0 2 13 67 114 13 
0 2 0 18 8 44 109 44 
0 5 0 26 3 80 41 68 
2 6 5 3 26 2 70 3 
0 15 0 53 0 42 0 57 
0 0 0 16 1 32 34 26 
0 9 6 19 27 32 39 30 
11 0 14 31 17 50 56 61 
3 8 8 23 23 23 60 33 
0 6 10 31 28 46 41 50 
0 10 0 36 33 40 100 27 
3 4 9 11 24 7 49 7 
3 0 15 0 31 25 43 30 
12 2 20 27 28 50 45 41 
0 11 0 44 0 51 21 52 
2 14 11 31 27 30 33 56 
1 4 5 36 44 53 52 18 
0 12 0 31 6 60 6 58 
0 11 0 32 22 21 60 6 
0 13 6 28 29 90 55 17 
1 23 3 48 15 67 24 12 
0 0 0 14 0 13 17 28 
3 8 19 26 50 42 94 3 
0 7 4 11 12 32 56 6 
0 7 0 27 19 51 67 9 
1 10 8 17 13 40 73 54 
0 11 4 26 33 42 131 8 
0 4 0 37 12 74 55 58 
0 1 0 13 18 80 36 22 
0 1 0 11 0 19 10 79 
0 17 0 46 0 46 3 89 
0 1 0 30 6 39 43 34 
0 8 0 20 5 23 12 17 
7 5 14 11 24 10 22 70 
0 2 0 16 0 41 38 9 
1 13 14 64 24 70 63 36 
1 8 2 21 3 34 22 55 
3 9 3 10 30 20 65 30 
8 10 13 43 21 62 29 33 
0 18 5 49 19 86 33 33 
3 13 15 13 24 4 45 32 
0 0 3 0 16 6 66 50 
0 1 0 11 15 17 27 22 
0 10 0 25 3 21 8 39 
0 18 0 34 8 41 29 11 
0 1 0 6 35 28 147 21 
2 1 11 6 30 17 48 16 
0 10 0 21 0 24 41 62 
0 3 6 30 8 28 21 55 
12 8 23 23 32 28 75 7 
0 11 0 17 2 63 19 78 
4 0 13 11 37 38 55 10 
0 10 0 21 0 34 1 60 
1 9 13 53 22 55 80 28 
0 0 0 2 3 47 24 58 
0 2 0 20 0 35 5 64 
0 7 1 25 3 26 22 3 
0 3 1 19 6 33 37 72 
0 0 0 3 0 38 46 47 
0 1 9 16 15 32 54 28 
0 6 3 27 16 11 73 47 
2 2 6 13 36 36 65 5 
6 13 16 22 34 30 61 41 
1 5 11 16 44 45 75 16 
3 0 11 5 25 32 43 16 
0 1 3 4 6 49 41 38 
3 6 7 15 19 27 64 30 
0 10 3 27 10 36 31 46 
1 3 9 27 16 39 30 12 
0 5 6 41 13 105 6 43 
3 9 5 16 18 16 47 4 
3 12 21 23 42 33 50 7 
0 0 2 5 17 62 19 55 
0 3 10 14 21 28 66 56 
0 4 0 18 12 25 56 9 
0 5 9 18 23 51 57 65 
1 11 3 22 20 23 41 34 
2 1 5 27 20 32 15 22 
4 10 27 40 53 37 91 7 
12 0 29 0 49 2 78 40 
1 11 1 20 15 26 55 33 
1 15 1 38 6 43 36 7 
0 4 0 8 1 44 20 56 
0 6 6 28 39 49 86 14 
0 15 9 20 17 31 31 12 
8 35 7 52 9 55 8 64 
1 19 1 43 24 74 84 20 
0 0 10 23 28 38 86 4 
4 22 12 54 13 29 42 46 
0 7 0 18 11 39 51 17 
0 7 0 21 1 35 15 44 
11 7 17 8 33 3 55 1 
0 7 2 31 22 29 33 14 
0 1 2 10 19 56 31 55 
0 16 0 43 5 44 13 65 
0 18 3 53 10 86 25 26 
0 31 1 42 4 51 9 26 
0 1 0 35 0 120 0 92 
1 0 0 10 0 46 0 46 
0 0 0 20 16 53 62 20 
6 16 18 32 24 28 48 6 
0 9 0 26 0 41 57 19 
6 17 17 49 32 47 49 11 
0 0 11 21 47 24 71 54 
6 4 10 18 20 32 51 51 
3 25 7 40 16 104 17 89 
0 8 5 24 16 44 31 72 
1 9 10 40 21 45 33 21 
0 0 0 20 32 22 82 4 
0 6 4 13 16 85 57 29 
0 3 0 28 12 36 44 31 
4 2 9 3 8 20 10 69 
0 13 0 51 0 92 0 52 
0 1 2 11 14 31 69 6 
0 23 11 33 29 38 54 11 
8 9 14 30 23 57 38 31 
1 5 3 24 5 63 29 45 
0 5 0 9 30 32 71 4 
0 0 0 30 10 42 35 35 
0 6 2 29 15 64 42 39 
0 2 0 28 4 43 37 58 
3 6 16 18 28 16 60 10 
5 0 16 22 40 24 78 5 
4 7 20 8 53 27 106 11 
1 1 8 0 38 5 45 17 
0 9 1 18 24 70 49 28 
1 5 6 19 28 61 90 21 
1 1 7 6 14 42 45 48 
0 3 1 27 10 35 73 23 
0 0 1 6 19 12 57 2 
0 7 11 20 39 11 76 6 
2 9 1 27 6 56 47 35 
0 8 0 20 1 29 44 37 
4 0 8 13 16 55 59 59 
0 7 0 6 21 35 70 35 
4 2 7 6 22 26 50 46 
8 0 15 7 23 50 38 18 
0 0 0 4 19 45 82 10 
0 12 2 17 1 30 2 58 
3 14 3 38 2 79 48 54 
0 3 6 45 41 48 75 7 
3 5 15 11 53 42 72 6 
4 7 8 21 11 59 36 14 
0 0 1 31 6 80 57 31 
0 3 3 26 15 23 29 55 
0 5 0 14 4 51 7 77 
15 2 42 1 66 2 88 4 
0 10 0 21 2 63 22 22 
1 20 7 83 27 63 97 9 
5 4 7 14 24 30 32 3 
4 10 20 10 48 3 67 3 
0 6 3 15 6 47 48 37 
0 4 0 13 5 57 45 16 
0 1 0 23 1 64 5 121 
0 14 4 28 12 44 49 55 
0 12 0 32 10 41 24 44 
0 13 2 34 25 74 41 50 
0 3 6 15 22 43 80 34 
0 11 0 35 11 61 34 69 
0 0 6 9 8 29 89 12 
0 4 0 13 27 19 57 7 
7 18 25 31 38 24 55 40 
0 2 0 8 17 24 62 23 
0 10 0 22 11 51 35 12 
0 14 0 55 5 55 9 88 
8 13 21 37 50 39 67 8 
0 3 1 21 12 30 18 15 
0 24 6 79 10 115 46 56 
0 5 2 21 28 22 41 11 
0 11 3 45 28 52 82 19 
0 9 2 48 10 131 14 79 
0 0 4 19 13 36 68 25 
2 12 8 48 19 33 29 6 
2 2 5 10 19 24 52 7 
0 6 4 14 32 21 57 5 
0 0 3 10 11 35 15 18 
0 11 8 23 21 30 35 57 
1 0 5 1 4 32 3 50 
1 10 14 10 43 4 64 5 
4 10 19 33 59 37 121 18 
0 9 0 33 2 35 31 89 
5 8 9 31 9 45 45 74 
0 7 1 13 7 56 32 83 
0 10 0 27 8 40 18 49 
0 15 1 36 3 62 14 21 
7 9 7 27 36 44 78 61 
0 12 1 31 13 37 102 3 
0 7 0 15 5 46 33 76 
0 19 0 39 10 21 12 10 
0 25 0 19 3 37 48 20 
0 4 0 32 10 52 40 23 
0 1 0 8 3 52 38 39 
0 3 0 21 16 41 62 19 
0 0 0 20 6 35 40 59 
0 3 0 18 0 61 12 51 
0 10 0 24 2 34 47 28 
0 6 7 40 28 51 43 26 
0 1 2 14 2 65 21 62 
2 6 9 14 12 6 40 36 
0 2 0 16 0 43 4 58 
5 5 13 14 24 47 75 9 
0 6 8 51 10 42 48 35 
2 14 4 24 8 68 39 63 
2 12 9 14 10 28 14 15 
0 1 0 11 2 75 30 31 
0 13 3 28 12 46 22 74 
0 1 0 12 2 59 2 87 
0 10 4 29 19 28 32 40 
2 11 13 24 46 29 74 5 
0 6 0 15 30 19 63 34 
0 7 3 6 18 24 49 10 
5 7 21 21 46 17 95 5 
1 21 15 27 43 12 73 2 
6 7 9 16 24 10 47 14 
0 13 0 31 0 39 22 34 
0 15 15 39 36 52 60 6 
0 9 20 17 63 23 114 20 
0 0 2 20 21 21 62 20 
0 10 0 14 0 19 31 38 
1 17 5 42 14 37 31 39 
0 0 9 18 10 53 32 60 
0 14 0 30 17 51 41 58 
0 2 0 28 2 41 25 58 
0 7 0 29 12 44 21 15 
0 0 0 19 0 55 12 109 
1 0 1 0 2 27 47 46 
0 12 0 44 4 83 8 73 
0 1 0 33 17 58 64 57 
1 2 7 17 29 35 94 16 
0 12 1 28 6 47 25 51 
0 12 2 22 18 71 17 23 
0 17 3 62 7 58 7 28 
0 2 5 26 59 71 145 13 
0 1 0 13 1 96 62 45 
0 6 0 38 11 62 73 29 
0 13 2 47 41 63 52 36 
0 10 0 24 5 69 48 35 
0 11 8 34 15 60 40 101 
0 15 0 27 8 44 17 57 
0 0 15 6 38 15 55 17 
0 7 0 25 7 107 37 46 
0 2 3 14 8 75 21 30 
0 19 0 28 0 57 20 20 
0 5 3 14 9 36 36 55 
3 10 14 14 22 6 36 13 
2 0 10 23 49 59 83 25 
0 18 0 47 7 52 82 24 
1 5 2 36 3 68 24 67 
0 14 0 59 12 53 53 48 
0 25 0 60 2 107 38 104 
0 17 0 34 4 47 62 34 
0 3 5 15 12 27 82 18 
8 14 16 17 25 16 21 45 
12 7 20 23 26 18 36 26 
10 0 17 10 31 48 44 44 
0 12 0 21 11 58 14 17 
7 2 10 8 31 12 74 10 
0 2 14 8 48 48 81 7 
16 11 38 23 63 59 84 19 
0 6 6 22 10 48 34 59 
0 1 5 8 30 43 92 17 
0 0 6 11 28 16 58 54 
0 18 6 36 13 65 45 28 
1 14 14 30 46 44 89 36 
0 0 0 8 9 20 64 33 
0 21 3 34 13 51 31 59 
0 17 0 43 0 44 10 60 
5 2 12 17 19 33 39 33 
2 28 6 49 10 82 11 99 
0 0 0 4 8 22 63 16 
3 2 8 1 20 28 74 27 
0 9 4 16 9 43 58 32 
0 18 2 34 22 51 106 9 
0 11 1 25 21 46 46 86 
5 3 7 23 14 41 30 50 
0 16 4 60 16 38 39 15 
0 0 9 0 35 12 43 2 
0 0 1 9 25 75 60 28 
0 1 4 34 28 78 62 32 
0 13 1 26 6 31 6 75 
3 1 8 18 20 13 34 27 
0 0 9 3 24 12 43 37 
0 0 0 11 0 64 17 74 
0 14 0 32 5 70 5 75 
2 1 6 24 14 36 13 19 
0 5 0 25 14 22 39 44 
2 14 7 22 17 57 31 10 
0 6 2 37 24 70 93 15 
5 5 12 20 30 24 54 5 
0 16 6 46 15 80 27 61 
0 14 2 37 30 53 77 16 
0 4 0 23 5 69 45 35 
1 5 2 11 4 31 77 12 
0 3 0 25 0 52 2 117 
9 5 22 13 43 38 70 17 
6 0 12 11 28 26 54 32 
0 6 9 19 29 87 41 27 
0 20 0 26 3 55 43 33 
0 0 0 10 12 34 24 56 
1 9 6 11 13 36 23 18 
0 3 7 44 8 53 54 30 
0 2 2 10 27 38 103 23 
5 0 27 16 50 12 82 2 
1 16 1 33 1 53 57 28 
0 3 3 37 27 24 102 5 
0 22 5 30 13 49 36 59 
0 7 0 39 0 69 18 47 
4 4 16 12 27 8 49 40 
1 0 7 3 23 33 26 20 
0 1 0 9 0 38 8 57 
5 8 6 18 23 7 56 26 
5 2 18 15 29 23 35 7 
0 16 0 24 2 24 2 35 
6 18 8 29 14 53 41 55 
1 4 5 21 9 54 18 25 
0 3 3 24 16 42 51 22 
1 2 6 1 11 22 11 35 
0 7 0 24 16 60 56 49 
0 11 6 12 19 35 61 18 
6 6 13 9 34 10 51 32 
0 20 0 34 19 38 81 40 
0 5 1 23 9 71 17 68 
1 8 7 17 20 58 31 60 
11 9 16 23 34 39 53 14 
0 14 1 26 14 49 99 20 
2 6 5 21 5 14 23 25 
0 6 3 45 16 71 41 38 
10 9 13 8 17 37 21 9 
0 21 2 35 14 22 60 9 
0 4 0 29 10 36 76 10 
6 7 17 10 37 3 52 6 
0 10 3 17 18 12 53 32 
0 0 9 10 20 34 36 14 
0 7 2 35 8 57 34 45 
0 18 0 27 18 46 41 18 
0 0 0 40 1 64 16 64 
0 0 0 31 6 47 24 34 
0 11 0 32 0 34 28 71 
11 0 20 16 36 27 61 16 
1 0 8 14 25 5 28 18 
0 2 14 11 33 11 80 18 
5 24 7 21 40 12 61 4 
17 8 30 15 34 6 47 0 
0 0 3 2 1 42 26 62 
0 0 0 26 10 71 14 26 
0 0 5 11 21 66 40 30 
0 19 4 32 30 24 68 2 
6 10 7 25 15 9 47 2 
9 6 19 11 31 38 41 29 
0 11 3 32 27 75 74 8 
0 7 0 34 3 43 57 30 
3 5 10 17 21 14 42 12 
2 4 10 29 17 84 39 65 
0 1 2 9 24 26 36 37 
0 4 0 26 19 34 23 48 
0 7 1 16 24 49 69 37 
0 0 0 1 4 46 28 51 
3 6 20 27 21 37 36 45 
0 3 0 11 0 55 14 69 
2 12 10 7 24 6 33 46 
0 16 0 30 1 64 30 38 
0 11 5 24 6 31 18 59 
0 21 0 58 9 92 15 30 
6 3 12 17 29 40 35 73 
4 12 7 16 18 12 27 53 
0 4 0 23 0 45 44 62 
0 14 0 30 12 53 55 6 
0 0 3 4 15 35 24 41 
0 5 0 19 6 18 9 51 
0 4 6 41 21 80 35 65 
0 1 0 2 4 49 25 81 
4 0 9 0 25 0 101 21 
0 14 3 21 7 62 10 28 
2 7 22 12 34 15 31 24 
0 3 2 13 11 39 29 24 
0 8 4 16 17 13 33 28 
0 0 0 16 0 71 30 31 
1 9 1 23 1 65 25 90 
1 4 7 13 32 11 33 47 
11 5 21 13 25 39 45 17 
0 5 2 17 17 45 39 33 
0 3 6 9 23 30 53 10 
0 0 2 1 4 12 12 71 
0 10 0 26 0 61 22 58 
0 6 8 23 11 24 56 27 
5 4 8 17 13 55 64 24 
0 0 1 14 5 30 17 37 
1 1 4 37 16 79 44 48 
0 12 9 34 34 37 33 21 
0 8 2 16 4 27 2 68 
0 8 2 34 24 42 80 12 
0 20 0 26 8 56 36 39 
0 5 20 43 26 39 24 23 
0 2 0 33 6 58 13 46 
0 8 0 6 9 39 17 96 
9 0 16 0 34 22 43 5 
10 28 21 34 52 56 68 40 
2 14 13 48 54 38 104 49 
2 11 7 33 11 62 20 49 
7 5 8 5 11 4 32 18 
0 14 4 29 39 49 57 32 
0 13 0 30 2 41 7 79 
1 3 8 12 17 5 48 18 
4 10 11 36 51 36 74 17 
1 19 12 45 31 45 96 6 
0 9 7 36 10 43 12 77 
12 7 18 15 16 25 24 42 
5 1 11 26 22 32 68 9 
1 3 2 20 13 62 29 60 
0 1 0 18 0 30 15 72 
9 0 15 0 29 7 62 0 
0 0 0 1 27 44 60 9 
0 0 0 3 4 52 9 62 
0 16 4 68 23 77 78 13 
10 11 26 23 59 26 71 3 
7 6 8 3 12 32 19 52 
0 6 0 59 8 62 28 38 
0 7 4 17 24 36 51 8 
0 0 0 11 0 69 22 32 
10 0 18 9 29 16 54 55 
1 3 2 24 3 82 5 114 
0 6 3 9 8 28 24 31 
0 9 2 51 22 55 62 46 
9 2 21 11 41 36 86 29 
0 10 0 35 8 73 16 24 
15 34 34 42 58 23 67 5 
9 2 24 10 43 4 64 0 
2 3 22 7 39 19 50 21 
1 0 4 16 15 27 82 17 
1 0 2 10 7 37 38 53 
0 0 0 10 0 41 63 32 
0 3 0 12 1 33 45 58 
0 0 0 19 0 38 2 62 
0 0 4 10 9 26 35 46 
2 1 6 26 7 23 24 92 
0 0 4 8 14 23 34 22 
0 4 0 21 14 48 61 23 
0 3 0 9 22 55 105 32 
5 0 10 4 27 30 84 11 
10 1 31 1 52 10 66 18 
0 3 3 18 16 41 36 33 
1 0 9 5 18 39 56 17 
6 19 19 53 44 54 58 11 
1 5 2 19 17 24 85 5 
5 22 29 51 83 73 98 9 
0 11 0 19 10 84 26 41 
5 17 13 15 22 32 30 12 
0 12 0 18 3 33 23 58 
6 0 19 0 44 3 116 1 
0 12 3 11 9 15 16 31 
3 33 14 49 34 20 57 5 
0 0 7 30 29 36 61 14 
0 16 2 48 7 50 30 18 
2 5 12 8 51 46 63 13 
3 5 20 9 58 13 64 4 
0 9 3 22 6 27 11 19 
1 0 10 4 20 16 74 48 
0 9 1 20 17 33 50 35 
0 17 5 86 13 108 15 83 
2 5 14 25 22 39 43 8 
1 15 1 31 9 29 33 36 
0 6 0 20 10 24 21 59 
7 0 12 0 37 47 66 24 
0 7 0 20 0 60 27 45 
12 6 22 28 56 29 93 7 
8 1 8 9 8 30 13 63 
1 1 14 5 42 6 61 0 
2 0 6 3 37 81 106 19 
9 0 16 22 30 65 75 34 
2 0 5 5 23 47 44 11 
0 18 2 34 21 55 50 40 
0 8 0 24 6 67 25 29 
5 0 7 0 45 29 119 13 
7 9 16 34 44 36 79 17 
0 14 0 9 0 29 5 80 
0 4 0 13 0 49 36 43 
4 5 9 27 18 24 58 7 
0 3 0 6 2 41 71 26 
0 10 4 20 38 13 83 10 
0 7 0 10 6 39 34 47 
0 0 4 7 17 19 26 23 
0 3 3 26 20 32 49 30 
6 0 15 7 27 16 61 8 
4 0 14 11 34 37 47 50 
0 10 0 43 0 95 30 73 
8 13 21 49 29 62 43 52 
0 3 0 14 0 72 26 84 
2 3 3 12 3 39 50 45 
5 1 14 13 26 11 51 20 
0 9 6 11 6 34 9 44 
3 9 7 21 25 38 45 10 
0 8 0 23 33 44 88 37 
0 9 3 16 3 29 21 13 
0 7 0 23 25 44 49 52 
0 10 0 17 8 66 45 60 
0 10 1 46 10 34 21 69 
2 6 11 8 39 1 81 6 
0 2 1 13 23 28 41 8 
1 0 1 6 12 35 33 20 
0 21 0 58 4 111 58 22 
0 14 7 28 23 23 99 18 
2 10 8 15 21 78 44 34 
3 29 6 23 18 75 45 34 
0 14 3 48 18 67 66 42 
0 5 0 9 0 30 47 75 
4 1 9 13 21 20 33 3 
3 0 13 9 62 29 111 6 
0 10 7 14 13 55 43 51 
0 9 7 22 16 38 50 30 
2 1 2 9 6 32 24 54 
1 3 1 13 12 25 44 30 
0 3 1 29 8 50 60 38 
2 7 2 29 15 45 53 48 
12 14 17 40 26 48 57 14 
8 0 14 1 27 25 36 4 
0 8 5 15 34 17 38 9 
0 5 2 21 11 49 58 17 
2 0 5 0 25 0 41 2 
0 0 0 32 29 74 76 26 
0 8 1 18 5 28 7 16 
0 3 1 30 1 65 14 59 
0 0 0 4 6 59 7 64 
0 18 0 69 3 63 20 64 
0 14 6 29 26 23 81 0 
0 5 0 18 3 59 34 111 
11 0 17 21 36 39 80 8 
0 2 0 8 9 27 53 44 
3 5 2 26 19 82 36 58 
0 12 0 36 3 55 12 50 
1 1 2 6 9 16 34 40 
0 0 0 20 0 46 20 52 
8 1 19 7 39 13 34 3 
0 3 0 35 0 77 13 103 
0 0 3 20 15 27 39 7 
0 13 2 45 14 42 51 24 
0 0 0 0 11 45 22 69 
1 14 9 45 17 41 48 23 
4 4 13 39 22 46 23 60 
0 6 0 24 20 47 34 21 
1 4 2 26 31 55 106 73 
0 17 0 27 10 73 30 53 
0 0 11 7 30 53 56 19 
10 21 14 51 19 66 83 13 
0 16 0 24 9 38 38 58 
2 16 2 37 18 72 38 14 
0 17 2 43 22 48 32 38 
3 0 4 12 28 47 67 22 
0 6 0 27 17 57 28 19 
0 0 0 16 0 73 13 62 
0 3 0 16 3 39 98 13 
0 2 0 14 23 23 89 3 
4 22 8 55 16 80 65 24 
2 12 7 15 20 41 77 41 
0 4 0 33 0 28 11 60 
4 1 12 3 29 3 75 54 
1 13 4 12 15 19 31 32 
0 23 0 43 0 44 17 38 
0 10 0 24 5 67 9 90 
2 11 1 17 2 91 5 73 
0 3 0 29 8 42 46 30 
0 1 18 20 70 35 97 6 
2 0 7 0 21 18 43 21 
0 18 0 49 2 72 24 79 
0 13 3 34 10 32 35 24 
0 4 0 15 0 59 46 72 
3 0 9 21 19 46 19 37 
0 11 0 34 14 50 76 14 
0 2 0 13 9 43 25 9 
0 3 5 35 8 59 62 18 
0 1 2 15 14 83 20 25 
2 11 6 17 11 54 87 40 
0 19 3 38 7 56 34 30 
1 0 14 7 64 5 106 0 
3 6 15 27 30 59 66 8 
0 15 1 20 1 47 14 77 
2 3 2 20 11 44 50 41 
7 17 9 25 15 18 72 48 
3 27 5 54 6 72 39 29 
0 2 14 5 50 41 94 79 
0 7 0 34 1 40 26 64 
0 2 2 18 16 34 31 37 
1 12 6 16 13 29 24 32 
0 11 0 48 3 74 35 60 
0 31 0 70 5 69 14 35 
0 0 5 4 26 38 61 37 
0 0 0 18 0 86 23 124 
0 17 1 33 6 76 19 49 
0 0 0 0 4 23 87 37 
0 19 0 23 7 46 8 85 
3 30 8 79 22 77 57 23 
0 9 0 46 5 35 45 36 
0 9 0 27 13 26 16 36 
1 2 5 17 12 32 12 44 
3 1 20 2 48 4 49 20 
0 2 0 9 0 40 9 95 
4 15 9 21 22 53 50 25 
0 17 0 35 18 61 39 39 
6 6 19 17 16 41 43 21 
0 11 5 21 6 69 6 45 
0 7 8 35 23 30 39 22 
7 4 16 10 24 4 24 9 
0 3 4 30 4 60 37 15 
0 16 0 33 0 60 40 63 
0 12 0 30 1 70 40 66 
7 2 15 11 39 26 84 4 
0 0 0 5 0 44 13 38 
2 7 5 17 14 22 31 4 
4 14 13 16 36 18 70 31 
4 0 4 4 31 1 34 22 
5 3 10 34 9 36 8 23 
2 5 2 21 13 41 37 32 
2 12 3 45 17 91 25 47 
5 2 17 19 31 39 74 44 
1 6 18 5 37 7 44 9 
0 0 6 6 22 39 75 12 
5 0 14 0 34 0 64 11 
0 0 1 3 10 29 24 19 
0 15 0 20 0 58 15 65 
0 0 4 11 6 58 24 48 
2 18 3 43 10 60 30 55 
7 7 13 6 19 2 22 40 
0 20 1 29 3 51 60 42 
0 7 6 25 29 44 46 27 
11 7 29 4 45 1 60 0 
0 8 7 15 60 50 136 11 
0 0 0 13 5 47 13 43 
6 21 15 32 37 18 70 10 
0 14 0 36 14 83 61 59 
1 5 3 31 10 100 18 47 
6 8 14 18 25 58 35 45 
0 0 3 21 18 53 53 13 
0 10 0 45 11 41 31 68 
0 8 3 28 11 25 25 62 
0 12 1 18 18 27 88 13 
0 2 0 31 3 87 38 68 
0 3 0 26 10 53 25 56 
0 17 10 39 23 50 52 21 
8 0 19 19 41 25 71 5 
1 32 1 38 1 73 5 64 
3 8 18 41 34 71 71 13 
3 23 6 52 30 55 48 27 
0 17 3 49 30 77 113 8 
0 7 3 31 22 57 76 58 
4 6 13 10 28 32 45 18 
0 10 2 14 18 26 40 7 
6 6 13 11 20 10 16 71 
2 10 2 36 4 28 17 53 
0 3 0 42 1 75 9 58 
2 12 9 32 15 83 34 35 
0 0 7 13 15 29 60 13 
1 4 5 29 19 29 50 8 
0 2 0 17 31 22 95 23 
0 8 6 31 38 22 44 8 
0 0 3 15 8 38 25 45 
0 0 0 10 5 45 24 57 
2 8 7 26 15 19 24 17 
4 14 12 42 28 48 61 18 
3 5 8 45 16 70 50 22 
0 2 3 14 12 26 30 46 
0 6 0 30 1 64 22 64 
0 2 0 38 0 43 2 125 
7 6 11 11 11 25 11 47 
0 0 7 3 15 14 27 4 
0 8 1 25 10 81 46 33 
0 20 2 30 14 32 28 15 
4 0 4 17 6 7 12 53 
0 6 6 22 18 15 28 5 
0 7 0 19 0 63 33 53 
0 3 0 3 4 49 22 48 
0 6 18 55 34 43 35 18 
0 5 3 17 12 56 44 30 
0 17 7 46 49 67 127 33 
0 21 0 55 0 62 30 59 
10 5 20 6 36 48 64 35 
3 8 11 17 16 27 76 14 
4 6 11 21 35 44 93 27 
1 5 1 34 25 68 40 33 
0 12 1 42 4 64 13 53 
5 9 8 20 12 32 87 31 
2 1 4 10 8 36 11 22 
12 1 18 6 22 40 27 23 
0 26 11 72 47 110 66 26 
0 9 1 31 28 28 38 16 
0 9 1 16 12 38 73 21 
0 11 7 65 21 63 30 17 
0 9 5 35 22 48 59 27 
3 11 5 18 14 32 35 61 
0 1 2 12 4 57 31 20 
3 0 7 11 39 36 88 7 
1 10 9 10 16 30 43 2 
0 15 0 55 18 60 20 48 
0 4 0 35 26 55 49 14 
0 7 0 34 0 50 14 66 
0 12 7 26 38 45 63 32 
0 7 0 16 3 51 31 68 
0 10 3 33 18 57 56 32 
0 4 2 26 11 23 40 8 
0 2 5 11 47 36 69 16 
3 0 10 6 24 20 45 29 
0 5 2 29 9 75 46 52 
9 24 10 33 17 27 44 1 
1 25 8 49 13 34 28 36 
2 16 17 41 29 22 64 27 
0 5 0 37 0 47 0 117 
0 8 3 9 21 49 33 45 
0 2 1 24 17 53 54 48 
0 7 2 24 25 36 63 5 
3 3 23 14 20 22 25 47 
0 17 0 34 5 71 20 30 
1 6 2 13 2 83 36 55 
0 7 2 18 7 12 12 26 
0 14 3 35 12 36 45 14 
0 8 8 35 16 34 54 39 
0 0 0 7 0 46 24 81 
1 4 3 29 21 110 29 96 
0 9 0 47 7 61 38 35 
1 3 6 11 18 23 92 9 
0 6 5 24 20 44 51 11 
0 1 0 35 17 80 95 97 
4 10 11 34 30 69 59 65 
0 3 0 30 4 43 8 68 
0 17 0 28 10 34 63 18 
0 0 3 27 11 46 47 24 
0 6 0 16 8 22 19 10 
1 2 1 9 12 26 45 2 
0 19 0 57 13 92 23 61 
3 12 7 42 10 61 14 70 
0 2 4 12 17 38 51 42 
0 5 0 41 8 93 68 66 
0 0 0 2 8 16 26 82 
0 7 0 22 0 61 37 24 
7 26 10 56 12 86 12 37 
0 13 0 28 5 61 42 33 
5 0 14 14 44 37 57 7 
0 16 0 36 9 79 23 59 
0 13 0 35 0 59 3 65 
1 5 0 21 0 55 11 45 
0 1 0 16 13 29 27 79 
4 2 14 14 34 36 50 14 
0 17 0 24 8 71 29 47 
0 5 0 6 2 30 8 66 
4 17 16 37 29 26 56 22 
0 8 2 16 17 79 35 27 
0 11 0 27 1 45 39 27 
0 5 6 10 9 38 48 24 
0 19 3 53 13 89 48 42 
0 0 13 5 30 5 53 37 
3 23 6 32 21 31 99 14 
7 8 29 23 72 31 132 21 
8 8 13 30 38 47 62 18 
2 0 13 0 22 4 59 16 
0 10 5 20 28 69 34 91 
5 9 8 28 20 25 37 48 
0 8 0 24 35 46 111 59 
0 0 0 9 0 6 28 68 
0 11 0 26 0 47 12 36 
2 4 8 20 20 23 86 2 
0 10 0 31 0 46 13 49 
3 13 3 27 6 52 5 132 
0 19 0 42 14 39 38 64 
0 2 0 21 0 23 2 60 
3 1 4 13 22 41 36 22 
1 3 4 24 4 36 7 74 
2 0 6 4 26 27 62 15 
0 20 0 48 0 77 15 56 
2 6 8 23 16 74 27 41 
0 7 0 17 10 33 37 29 
4 10 9 17 13 18 20 44 
1 10 1 30 17 74 41 83 
0 0 2 17 10 32 21 43 
0 14 8 20 18 32 48 5 
5 21 5 40 8 81 29 63 
0 17 0 41 7 116 25 57 
0 0 0 6 3 23 26 33 
0 25 5 39 55 51 91 31 
0 25 0 31 6 30 14 43 
2 10 21 9 56 14 86 5 
0 13 4 23 10 51 30 98 
0 0 0 11 0 27 28 51 
4 9 15 24 19 32 51 55 
0 4 0 11 0 21 11 69 
0 5 2 27 14 47 51 47 
0 21 0 30 12 43 70 18 
0 29 0 48 1 47 28 74 
0 11 0 33 4 73 46 43 
1 1 12 4 28 7 34 16 
0 0 0 17 7 30 22 21 
7 0 9 0 24 38 65 19 
0 8 0 41 28 66 94 14 
13 8 17 24 28 24 24 51 
0 24 2 32 19 66 24 8 
2 7 8 25 15 55 16 60 
0 0 0 5 0 59 62 75 
0 0 3 7 7 9 28 2 
0 11 0 20 0 33 36 31 
0 8 0 17 7 43 33 17 
16 0 30 15 32 6 43 53 
9 0 16 3 34 10 46 30 
9 0 10 8 48 45 81 14 
3 1 12 8 13 24 30 17 
0 12 6 60 26 65 36 20 
6 2 11 2 25 5 39 43 
0 1 4 43 20 49 74 7 
3 8 2 24 2 35 69 29 
0 6 0 34 0 55 40 61 
0 5 11 13 33 32 75 6 
3 5 8 20 34 24 88 28 
0 9 0 25 8 65 55 16 
0 10 0 25 20 25 28 17 
5 0 12 19 22 25 48 32 
0 3 0 21 36 7 64 9 
2 16 8 28 15 71 25 62 
0 3 0 16 1 48 29 49 
0 23 2 38 4 50 29 62 
5 11 8 7 33 41 131 26 
0 10 3 18 21 52 60 27 
0 10 2 13 11 14 55 17 
2 0 2 4 29 31 91 19 
0 3 0 16 0 38 55 67 
3 0 14 17 38 39 41 5 
2 4 2 18 8 24 61 13 
1 2 7 19 29 30 76 32 
0 8 0 13 15 52 69 45 
10 1 19 3 51 1 108 1 
9 16 16 15 28 23 35 12 
0 0 0 2 2 34 16 116 
6 7 15 16 26 42 46 31 
0 0 7 31 35 26 70 3 
5 0 6 1 17 52 71 40 
0 9 0 9 9 33 21 51 
0 7 3 22 19 10 53 4 
0 8 0 54 6 76 31 78 
0 4 0 23 3 29 43 27 
0 19 0 34 1 65 13 99 
6 11 13 14 30 36 58 17 
0 7 0 30 2 87 18 68 
0 23 0 54 0 74 1 47 
0 2 3 14 2 57 2 53 
0 14 0 33 8 101 15 58 
0 8 1 20 5 23 51 29 
0 13 0 31 5 58 16 46 
0 16 1 25 12 24 33 10 
2 1 3 1 18 0 33 16 
4 5 29 21 50 25 73 7 
1 18 7 51 42 63 99 23 
0 5 2 26 19 43 19 78 
0 12 0 32 11 52 55 49 
1 3 7 5 20 22 44 32 
0 15 0 28 0 60 2 32 
4 7 5 27 4 50 69 39 
3 0 8 5 24 3 34 0 
10 11 16 40 29 54 73 39 
3 18 10 31 27 54 46 15 
2 2 28 8 56 31 80 17 
0 14 0 20 24 44 86 34 
0 0 3 0 35 26 82 4 
0 10 0 39 2 39 27 74 
0 1 0 9 17 11 43 6 
0 11 0 33 3 88 18 87 
0 11 0 25 0 51 14 64 
4 2 3 30 13 49 58 15 
0 1 4 20 42 15 53 13 
1 12 19 34 31 13 35 3 
0 2 2 23 25 78 42 61 
7 5 29 32 61 43 121 18 
0 15 0 50 2 60 4 35 
3 0 5 14 13 47 19 61 
3 10 12 30 55 43 72 20 
2 15 3 31 7 28 8 6 
0 10 4 22 32 31 58 27 
10 3 25 9 38 9 90 6 
0 1 0 25 8 30 45 9 
2 13 10 16 21 23 57 11 
0 14 0 36 6 28 10 18 
0 3 2 15 17 57 63 39 
4 0 24 6 61 12 97 4 
7 0 14 16 27 47 52 22 
0 9 7 27 17 49 46 23 
0 0 4 0 9 23 39 44 
0 0 1 4 29 1 31 0 
1 0 3 2 9 43 42 18 
0 4 0 15 6 65 48 41 
0 15 0 68 5 68 50 54 
6 7 17 14 59 22 127 2 
0 0 5 5 12 32 55 56 
0 0 0 0 0 27 26 35 
0 1 0 6 0 23 24 28 
2 8 5 20 16 17 20 51 
0 15 0 34 0 84 8 41 
6 2 9 14 21 17 44 4 
18 4 25 8 21 13 67 18 
1 8 7 55 14 72 63 22 
0 0 0 13 2 34 18 80 
0 9 0 13 7 62 11 35 
0 6 0 22 27 54 60 12 
7 7 8 16 14 32 42 52 
0 0 0 11 15 12 40 27 
0 15 1 35 11 70 84 57 
0 3 6 17 4 35 20 10 
0 2 7 52 15 91 54 75 
1 3 4 12 10 33 63 45 
3 9 19 10 43 33 83 27 
5 0 25 0 70 11 124 9 
2 10 5 18 9 60 29 38 
4 7 23 10 37 3 86 0 
0 0 3 2 18 59 26 21 
0 7 3 25 22 36 32 21 
2 3 7 24 6 45 38 35 
0 13 0 25 2 21 14 71 
0 4 0 16 0 37 29 62 
0 11 0 5 7 40 5 58 
8 1 12 27 11 58 23 60 
0 26 1 62 31 74 82 23 
0 11 0 18 2 46 36 46 
0 3 0 10 15 35 55 31 
0 5 6 28 16 40 75 12 
0 0 11 4 54 10 87 23 
2 11 13 24 36 43 84 16 
0 4 0 24 0 66 15 26 
0 2 0 9 9 31 24 62 
0 14 0 38 4 73 64 42 
0 5 0 9 16 18 23 34 
0 7 1 31 17 47 29 14 
0 0 0 26 0 65 18 103 
0 4 4 13 22 8 66 17 
4 1 29 9 69 1 135 0 
5 20 10 54 26 29 39 20 
0 14 0 29 13 48 31 46 
0 9 0 35 0 52 15 72 
2 8 14 38 40 56 54 18 
0 6 0 34 0 62 6 62 
8 30 16 41 25 58 22 28 
0 4 2 32 30 45 63 15 
5 0 10 14 14 10 20 10 
0 8 0 18 6 67 31 54 
0 0 0 3 6 27 52 44 
2 19 3 33 3 47 27 29 
1 4 1 32 11 60 48 27 
1 0 11 0 22 29 56 11 
0 10 0 26 6 65 71 34 
3 15 3 32 6 24 65 18 
0 10 0 30 8 24 21 49 
3 17 2 28 12 43 52 11 
0 2 4 27 12 41 72 9 
0 3 0 8 9 40 66 18 
2 8 12 23 20 50 34 38 
2 2 13 15 36 10 63 3 
0 10 6 27 33 52 51 39 
7 12 13 33 16 53 19 23 
7 2 13 26 14 62 41 28 
0 13 2 24 28 74 59 32 
0 8 11 15 31 20 39 16 
0 12 0 48 8 62 42 51 
0 12 0 44 4 43 35 27 
0 0 15 4 38 1 70 1 
0 12 0 22 24 38 37 17 
0 11 0 26 0 42 12 34 
1 12 3 26 27 16 75 7 
0 3 2 30 6 54 37 29 
0 15 3 32 22 17 59 6 
0 1 18 7 60 3 111 0 
0 9 1 20 17 27 51 12 
6 9 16 27 32 20 58 6 
5 0 5 5 15 41 24 39 
0 8 0 21 7 28 46 6 
0 0 8 12 13 16 17 15 
2 5 17 16 22 48 34 67 
0 7 1 32 10 127 29 33 
6 16 9 40 8 36 20 53 
0 9 3 37 10 48 36 6 
0 5 3 21 12 49 35 48 
4 5 6 12 37 5 65 8 
0 18 2 36 22 66 55 19 
0 16 2 58 12 64 78 48 
2 5 12 23 24 14 48 19 
0 19 2 34 3 80 45 27 
1 0 8 2 7 30 16 89 
0 28 9 30 19 42 38 9 
4 6 4 6 7 29 39 17 
0 0 5 11 23 52 31 24 
9 1 17 1 25 0 27 11 
5 14 6 34 20 61 23 30 
0 8 10 36 61 26 142 8 
0 8 0 16 11 26 10 38 
2 7 11 28 38 52 106 6 
1 9 5 44 19 65 56 54 
0 5 0 17 8 11 52 69 
8 0 14 0 38 12 37 14 
0 3 1 18 1 27 78 47 
1 9 1 19 8 53 54 24 
3 5 5 4 8 6 28 8 
0 15 0 52 1 118 19 73 
0 7 0 19 19 73 115 21 
1 0 4 5 37 9 82 3 
2 2 9 35 22 52 44 28 
0 13 7 25 18 9 36 1 
0 16 1 30 8 42 13 38 
2 2 5 30 12 84 12 88 
7 9 9 8 14 15 31 13 
1 7 7 14 22 60 50 18 
0 0 0 12 0 41 0 35 
0 15 2 27 21 32 38 33 
1 3 4 47 4 43 104 38 
0 0 0 16 8 50 21 46 
4 0 12 1 13 12 22 53 
0 9 0 11 0 71 0 29 
1 5 19 8 22 4 67 55 
0 12 6 24 28 9 100 3 
0 7 0 21 3 70 9 37 
0 3 10 6 9 17 31 34 
0 5 1 21 3 67 26 72 
0 2 2 18 13 38 65 13 
0 6 1 12 6 45 21 26 
0 20 0 30 7 13 11 28 
2 11 6 40 37 37 56 9 
12 10 16 13 38 4 89 47 
0 0 0 9 12 35 44 38 
4 5 8 27 20 45 36 8 
4 0 11 11 23 27 60 28 
0 1 6 5 7 32 43 18 
1 19 2 24 1 80 46 81 
2 0 11 32 20 62 42 10 
1 2 5 29 20 88 49 47 
0 21 8 33 24 13 22 22 
1 12 5 17 20 53 51 61 
3 6 14 8 45 12 66 1 
0 13 0 35 0 74 19 74 
3 1 6 25 5 29 17 46 
7 3 23 20 28 40 24 6 
9 6 31 10 60 30 91 2 
1 14 2 38 9 33 11 37 
1 9 6 26 40 36 92 38 
0 7 0 10 3 49 8 45 
0 5 4 39 33 57 36 5 
0 5 10 18 42 22 61 2 
2 1 4 9 5 52 18 42 
0 7 0 14 6 31 44 39 
2 21 13 43 15 83 22 29 
4 18 11 40 18 68 79 41 
1 19 3 38 28 40 56 22 
3 6 8 12 25 25 37 48 
3 8 12 25 20 57 99 18 
0 6 0 27 0 70 57 28 
3 11 11 36 20 34 68 8 
7 6 16 14 30 11 56 49 
3 5 14 26 21 50 26 9 
0 3 3 3 5 51 7 72 
0 15 2 40 39 27 95 2 
0 9 0 29 8 60 34 31 
0 4 0 6 11 19 23 33 
0 15 0 67 12 70 41 6 
4 0 22 0 45 0 102 3 
0 19 4 26 30 29 67 14 
0 9 4 11 12 13 43 31 
4 7 9 25 40 92 69 14 
2 1 8 20 14 14 50 17 
0 0 0 3 8 32 28 6 
0 10 0 19 11 35 50 96 
1 4 5 21 5 37 34 15 
0 9 1 26 8 32 22 14 
0 8 0 30 18 44 69 29 
0 1 0 7 6 18 48 54 
0 0 3 10 20 10 36 29 
0 1 0 22 0 40 34 45 
0 0 10 14 26 37 55 51 
0 9 0 45 7 32 20 32 
1 10 4 13 37 19 72 17 
0 3 0 24 1 86 44 54 
0 3 2 17 14 23 71 8 
0 21 1 33 7 45 31 43 
3 10 9 8 14 37 43 52 
0 1 0 18 15 21 110 6 
2 17 12 37 47 53 112 34 
2 21 8 66 18 121 27 47 
0 3 1 13 18 20 38 5 
0 18 0 31 7 48 45 82 
0 3 3 6 12 8 37 0 
0 2 1 13 8 38 26 25 
1 4 4 14 9 32 41 34 
0 18 1 22 27 14 50 56 
0 3 0 25 0 47 28 43 
0 7 0 37 8 83 11 71 
0 11 4 14 18 8 69 33 
0 12 10 11 19 8 27 22 
1 0 10 9 16 19 39 29 
0 20 0 54 3 65 6 63 
0 0 4 5 33 37 79 28 
0 10 3 27 31 29 33 15 
0 2 1 23 14 56 29 49 
0 8 0 31 0 97 18 28 
3 20 13 38 26 38 64 14 
15 4 19 3 22 17 36 11 
0 11 0 49 9 61 27 33 
5 7 12 15 12 29 44 15 
0 0 3 17 24 40 42 11 
0 31 0 41 13 55 76 42 
0 9 2 35 13 28 52 73 
0 0 1 10 29 35 48 14 
0 0 7 8 41 35 87 10 
1 16 1 28 10 41 33 10 
0 10 1 7 19 24 31 23 
0 4 5 19 6 35 29 48 
0 25 3 60 18 86 60 26 
0 16 1 46 14 22 26 15 
0 2 0 10 7 43 43 23 
0 17 4 41 16 61 75 34 
4 2 10 8 17 16 51 5 
0 17 0 50 17 38 45 26 
0 1 0 19 21 35 48 47 
6 2 19 5 39 2 65 9 
3 7 9 24 24 41 76 7 
1 7 5 19 13 36 53 85 
1 13 10 39 16 44 26 26 
0 3 24 6 67 1 151 0 
4 2 10 8 13 22 23 21 
5 8 10 31 35 31 62 12 
0 12 0 26 14 52 34 36 
0 16 0 35 2 53 22 55 
0 5 2 18 4 46 23 63 
0 1 0 10 11 22 47 17 
0 9 7 23 11 78 30 43 
12 19 15 18 48 51 82 23 
0 22 0 45 26 34 33 6 
0 1 0 22 2 28 29 25 
0 2 0 8 0 55 0 74 
4 9 29 25 43 34 48 6 
1 9 4 16 15 17 27 40 
0 16 2 43 8 34 35 68 
2 1 7 12 19 29 23 5 
0 12 13 38 19 22 37 10 
0 4 0 8 0 42 3 105 
3 2 5 23 13 34 49 62 
3 3 9 27 18 13 50 12 
0 15 0 40 14 61 28 37 
0 15 5 42 20 101 40 72 
4 2 7 19 25 40 46 44 
1 13 5 20 24 33 64 16 
0 0 6 40 15 49 28 39 
0 9 0 30 0 32 3 87 
6 5 9 34 10 16 35 17 
0 6 0 14 0 25 52 21 
3 23 3 63 23 31 20 20 
0 11 0 38 0 71 19 55 
4 6 19 20 41 15 58 11 
0 5 3 16 13 76 43 19 
0 8 1 35 12 60 9 52 
2 3 19 17 30 22 34 11 
0 0 0 15 13 22 27 32 
2 10 6 20 14 44 57 10 
0 11 0 8 18 29 48 19 
1 9 6 38 27 31 72 9 
3 7 16 18 57 32 98 3 
0 13 9 28 16 34 14 74 
0 3 0 6 0 27 1 49 
0 1 0 14 9 37 36 78 
0 19 6 45 23 60 37 17 
0 21 0 37 4 67 12 48 
0 20 0 41 1 80 32 78 
0 27 0 41 16 61 47 26 
0 0 7 27 22 58 53 13 
0 4 0 15 18 72 32 22 
2 4 16 10 60 42 135 8 
2 0 10 11 18 26 30 17 
0 2 0 30 5 66 27 46 
1 9 10 20 30 13 37 15 
0 7 0 17 2 46 2 96 
6 23 25 32 39 75 31 18 
0 8 0 8 4 74 59 46 
0 6 0 13 22 32 69 16 
0 2 2 2 12 43 65 30 
3 4 7 19 31 17 77 34 
0 7 0 43 15 79 30 18 
2 18 2 46 11 63 93 72 
6 18 19 20 41 15 44 19 
0 10 0 18 5 55 29 17 
0 1 4 1 20 17 49 22 
3 9 11 33 26 18 33 11 
1 0 7 6 16 38 18 14 
8 16 25 34 38 48 61 10 
9 4 25 3 42 2 90 4 
0 14 3 41 14 31 37 9 
0 3 1 13 12 54 33 36 
5 0 9 14 14 41 12 31 
0 0 2 16 7 55 30 35 
0 10 0 20 7 40 8 29 
0 1 0 36 0 60 2 65 
13 0 30 28 34 29 31 26 
4 15 11 12 26 22 50 5 
2 0 11 2 36 30 68 18 
5 7 11 36 16 21 24 8 
1 3 5 22 5 23 58 11 
4 8 8 17 27 19 58 34 
4 1 8 21 6 58 39 27 
5 2 5 6 5 14 7 43 
0 6 5 17 43 13 80 2 
0 0 0 8 24 26 29 8 
0 2 1 20 2 28 35 52 
0 12 7 25 11 43 24 12 
5 0 5 6 5 26 14 21 
0 0 0 3 19 23 38 6 
0 2 2 19 13 29 65 7 
1 2 12 17 26 46 39 39 
0 6 0 31 8 60 12 13 
0 9 0 31 1 95 5 89 
1 8 6 38 18 22 66 13 
5 10 17 16 20 55 27 26 
0 3 0 10 2 45 17 86 
0 4 3 13 15 45 40 39 
7 0 20 10 73 55 104 38 
0 5 3 25 29 60 50 64 
5 16 19 67 25 96 83 96 
0 0 0 19 4 23 40 33 
0 20 0 24 12 44 36 46 
0 11 0 33 13 44 63 11 
10 13 15 19 58 7 143 2 
0 0 0 8 2 48 30 16 
0 2 3 9 12 35 12 30 
0 14 0 16 26 43 112 8 
0 1 0 7 0 32 7 43 
0 8 6 46 18 53 38 38 
0 1 0 12 0 26 31 56 
0 20 0 35 6 64 30 46 
0 25 0 53 3 51 44 61 
0 0 0 2 5 33 17 44 
0 4 0 24 12 67 46 73 
0 2 18 21 32 44 56 31 
5 7 17 17 23 52 28 61 
2 11 11 32 22 39 55 29 
0 0 0 15 20 24 69 5 
0 19 8 36 23 57 66 17 
0 2 1 10 5 50 9 85 
1 4 7 8 17 7 42 24 
2 3 7 27 26 58 42 22 
0 2 5 13 2 24 62 8 
0 3 1 27 25 24 30 17 
0 0 0 11 2 26 41 46 
0 2 0 15 0 28 16 59 
0 17 0 27 7 56 23 42 
2 11 13 18 45 31 75 3 
0 8 0 23 1 39 5 64 
0 7 2 33 22 64 78 27 
0 7 0 39 0 68 5 62 
3 18 7 50 29 50 36 15 
2 1 8 13 11 16 62 65 
2 17 5 46 10 24 19 19 
0 8 0 24 29 27 36 18 
0 10 0 35 0 52 9 47 
1 0 3 16 14 55 42 89 
0 0 1 8 36 25 91 8 
4 10 6 37 16 50 34 14 
0 3 0 26 15 38 46 40 
0 2 3 12 25 53 122 21 
2 1 14 12 42 18 57 24 
0 0 0 5 2 52 13 71 
0 1 8 35 33 27 70 5 
2 4 4 44 13 61 66 31 
0 19 0 55 12 96 69 25 
0 2 6 15 27 20 50 31 
1 14 23 26 37 21 65 16 
5 2 18 10 47 2 50 1 
0 2 0 10 4 43 29 39 
4 6 18 22 27 36 53 40 
0 15 0 42 2 77 37 57 
2 9 6 12 28 33 60 11 
0 0 0 29 12 81 55 29 
0 7 5 23 18 52 67 12 
7 7 14 24 41 31 97 8 
1 7 5 19 7 34 42 22 
5 8 18 43 37 80 42 38 
0 4 0 12 15 29 51 24 
0 12 0 19 14 15 48 2 
0 1 6 15 40 28 48 23 
8 15 22 45 47 43 68 13 
0 5 0 44 5 73 15 72 
0 1 11 9 33 3 96 0 
0 18 5 43 5 64 16 11 
4 6 15 40 34 65 51 40 
0 3 11 14 52 16 114 3 
0 4 0 14 5 27 32 12 
0 18 0 40 0 53 54 119 
6 0 16 0 40 4 66 3 
0 19 0 55 19 57 41 7 
2 0 11 0 45 27 116 10 
0 5 20 17 57 43 77 19 
4 9 12 19 24 34 43 53 
6 1 23 10 45 9 49 25 
2 1 7 2 16 15 33 35 
4 9 17 29 50 39 100 11 
0 3 0 33 0 52 51 30 
0 7 3 20 17 35 21 18 
0 2 3 9 21 31 39 14 
1 7 13 22 25 12 60 3 
0 27 0 48 3 40 15 40 
1 9 4 27 27 54 120 47 
0 4 5 15 17 10 59 3 
0 20 0 32 0 67 15 40 
0 5 2 7 10 19 36 29 
7 6 12 17 50 40 75 22 
0 5 16 25 39 23 92 4 
13 0 32 5 53 8 68 43 
0 6 6 22 14 32 26 41 
2 8 2 45 16 112 53 50 
20 12 43 13 92 6 204 0 
5 22 5 31 6 37 22 62 
0 9 5 25 43 30 77 9 
23 9 59 5 76 2 73 1 
2 3 19 16 37 22 83 12 
1 1 9 12 16 18 29 22 
0 1 1 11 4 32 31 43 
0 11 3 50 13 61 33 14 
0 11 1 44 10 43 47 63 
0 0 0 11 0 52 68 48 
9 3 12 1 34 32 56 7 
3 3 9 15 20 9 38 17 
6 8 14 40 25 58 45 15 
8 6 21 11 31 12 37 3 
1 6 5 20 6 66 23 98 
0 10 0 32 4 55 25 56 
0 0 0 0 19 35 53 23 
4 0 8 14 18 27 54 17 
0 3 3 19 13 60 55 27 
3 8 3 28 7 42 38 11 
5 8 18 47 28 31 45 3 
7 5 25 22 54 18 85 4 
0 13 0 27 5 40 47 39 
0 8 2 18 13 67 43 24 
0 0 3 8 12 52 56 16 
0 3 3 30 35 64 84 13 
0 21 2 29 2 30 1 101 
0 12 3 17 25 49 69 6 
1 5 18 17 48 29 78 8 
4 8 18 8 68 4 146 1 
0 11 5 41 28 47 94 18 
4 8 9 19 21 12 24 14 
1 8 10 50 33 43 45 28 
0 2 0 25 36 45 64 9 
0 2 0 23 6 64 15 29 
5 2 24 12 41 22 45 35 
0 8 0 16 5 68 82 29 
0 12 1 32 5 84 26 58 
0 17 4 22 4 18 11 29 
0 6 5 7 10 16 26 14 
0 0 0 3 9 65 31 87 
4 2 13 8 34 15 64 2 
16 8 32 9 41 28 67 13 
0 18 0 29 0 55 8 64 
3 1 10 16 27 21 35 12 
0 1 0 16 0 48 25 48 
0 15 12 14 26 22 22 21 
0 11 2 40 22 70 75 16 
7 7 18 15 41 26 42 9 
0 1 0 16 11 47 23 40 
7 4 19 9 46 8 54 0 
8 2 12 8 16 13 24 41 
3 7 9 11 22 11 47 34 
4 7 24 18 56 17 67 29 
1 14 5 44 18 30 47 40 
0 6 3 10 7 18 27 22 
0 8 3 26 11 47 25 24 
15 0 20 0 26 17 51 21 
8 25 22 30 51 36 114 3 
0 0 0 16 0 34 5 30 
14 18 26 53 61 59 81 11 
0 0 1 23 12 87 58 21 
4 8 7 24 24 51 39 14 
0 21 0 35 9 38 17 52 
0 4 0 23 24 43 124 10 
1 2 7 4 18 20 50 17 
4 4 5 24 17 11 48 54 
3 10 11 27 28 30 55 9 
0 4 3 10 12 18 26 52 
0 5 4 22 13 52 14 57 
6 12 18 25 39 7 54 1 
0 9 7 36 54 33 99 3 
0 1 0 38 1 94 28 65 
1 0 2 0 39 13 121 15 
2 13 12 32 31 21 74 36 
0 7 1 32 18 36 57 6 
4 2 10 24 27 42 58 22 
0 11 0 13 1 75 12 67 
0 16 6 35 25 84 79 34 
0 8 5 37 42 58 70 13 
0 7 2 20 7 46 36 24 
0 0 1 4 12 27 35 3 
1 0 1 13 3 58 20 22 
5 9 9 18 16 27 30 13 
12 1 25 16 29 20 67 14 
0 15 0 33 0 54 20 30 
0 9 1 36 1 56 24 29 
0 4 2 34 43 78 98 26 
0 5 0 36 8 62 30 60 
0 7 1 11 10 23 39 69 
0 2 0 17 4 31 23 67 
0 9 0 29 0 59 27 24 
2 9 5 28 19 58 66 22 
1 11 2 20 12 28 24 22 
0 17 0 33 11 47 43 35 
0 8 3 38 35 29 41 7 
6 3 14 12 34 35 31 45 
0 1 0 1 3 18 50 8 
0 4 2 35 17 45 68 37 
0 3 4 20 22 33 27 31 
0 9 9 32 22 40 27 12 
1 2 1 45 12 41 37 29 
3 12 13 43 31 49 39 43 
0 19 3 46 21 44 49 5 
4 7 8 29 21 72 42 16 
0 1 6 4 40 45 45 30 
0 20 8 49 26 44 34 21 
0 5 16 30 38 18 68 12 
0 11 0 41 1 60 10 46 
0 8 0 32 1 51 20 69 
5 11 5 25 13 40 24 34 
2 0 4 7 13 65 12 56 
7 4 32 14 65 70 86 92 
0 23 0 34 4 49 35 45 
0 11 0 34 7 46 51 17 
0 6 0 7 22 3 37 85 
4 7 10 24 23 56 34 35 
3 7 8 18 21 29 40 27 
5 5 17 49 59 58 133 24 
8 6 24 8 31 16 73 15 
0 3 2 24 13 62 46 30 
6 3 15 24 33 41 66 8 
0 28 0 55 4 72 6 75 
0 0 1 9 15 80 68 16 
2 2 7 16 7 54 33 13 
2 14 6 33 54 67 78 65 
0 1 3 13 10 33 46 18 
0 7 0 12 3 51 15 69 
0 4 2 34 22 84 72 23 
0 1 5 27 21 47 56 10 
4 0 12 36 17 70 53 19 
0 19 0 48 0 50 3 58 
0 0 0 12 4 14 45 15 
2 25 11 40 31 26 80 36 
0 24 0 62 6 89 48 35 
5 5 22 5 43 2 42 0 
2 2 6 28 13 20 33 10 
11 6 16 49 28 95 42 38 
0 8 6 11 22 36 59 21 
2 0 16 0 25 22 47 13 
0 3 3 21 17 34 29 38 
0 9 5 54 24 86 34 52 
6 9 26 17 40 14 93 16 
3 5 10 26 14 30 37 29 
2 14 4 27 17 41 39 48 
0 4 0 31 16 56 39 3 
15 1 24 5 41 2 70 0 
1 5 11 19 28 19 67 3 
0 19 1 39 19 28 40 11 
0 17 8 26 54 75 97 32 
5 24 15 42 18 31 16 26 
2 0 4 5 22 22 35 22 
0 5 2 10 3 24 6 80 
0 8 7 13 12 17 28 15 
4 11 13 29 24 40 27 31 
1 17 10 31 29 28 66 23 
0 1 0 13 1 49 1 31 
2 22 5 37 30 47 102 49 
0 0 0 2 2 4 47 109 
0 0 0 33 0 40 29 14 
0 15 7 37 12 33 13 14 
0 0 0 12 0 50 18 72 
0 0 2 6 15 21 41 7 
3 0 10 14 10 21 32 7 
0 0 2 3 13 12 10 16 
0 10 2 7 18 40 37 46 
0 8 0 39 0 27 57 28 
0 9 4 37 14 70 36 56 
0 11 0 24 17 24 37 18 
7 2 12 32 13 70 45 51 
2 9 7 24 24 36 58 21 
1 21 8 58 37 95 54 47 
0 2 3 12 18 35 76 42 
2 27 8 53 13 82 19 16 
0 3 0 21 0 30 27 47 
0 4 2 5 2 49 18 51 
0 10 1 37 6 46 22 86 
0 0 2 8 6 57 28 29 
5 3 16 7 29 37 70 6 
2 6 9 25 9 29 12 47 
0 0 1 1 16 34 57 10 
5 1 12 12 36 12 46 20 
0 0 2 9 16 28 63 70 
0 4 0 26 18 43 56 4 
0 4 0 10 1 18 41 78 
0 0 0 10 28 33 63 9 
0 1 3 43 29 65 86 24 
0 1 4 35 22 45 45 5 
0 5 2 3 2 69 20 23 
0 1 0 13 17 51 93 40 
0 12 6 28 22 37 47 8 
0 14 6 18 16 28 45 22 
5 10 13 19 35 44 59 9 
0 27 7 34 13 10 35 20 
0 8 0 24 0 50 57 26 
0 11 4 16 13 41 49 18 
0 1 9 14 39 28 82 4 
0 16 1 30 5 39 38 51 
0 5 6 21 17 18 48 2 
0 2 9 24 27 50 68 9 
4 14 5 29 4 52 12 45 
3 29 18 36 65 44 134 8 
3 15 9 26 29 55 100 12 
4 1 13 12 26 11 25 35 
0 6 0 19 3 47 27 53 
0 19 0 46 11 90 70 32 
1 21 5 33 10 51 15 77 
0 6 0 25 9 37 21 29 
1 0 3 0 15 28 51 25 
6 5 16 4 33 11 31 6 
0 11 0 25 4 56 28 54 
2 16 3 18 12 27 27 62 
0 0 8 6 19 13 50 68 
0 0 0 21 5 56 45 14 
0 5 0 22 14 38 69 49 
0 8 0 15 12 24 26 15 
0 11 0 17 5 38 8 41 
9 0 20 0 29 0 47 15 
7 7 19 5 39 36 51 18 
0 11 0 37 0 50 5 47 
0 2 21 25 47 14 88 4 
0 18 0 30 2 29 38 12 
0 18 1 25 15 37 55 15 
8 2 21 6 51 22 86 16 
0 0 10 31 51 19 70 10 
0 14 0 39 1 50 18 57 
0 9 3 27 9 33 50 39 
0 14 0 41 4 97 21 49 
0 0 14 8 17 31 18 14 
0 0 4 1 35 44 60 33 
0 6 2 29 19 83 75 32 
2 7 2 25 1 38 7 54 
0 0 0 11 0 37 9 70 
0 8 6 49 10 33 23 64 
0 11 0 40 2 64 36 49 
7 6 9 36 18 65 42 43 
0 3 0 18 8 89 49 41 
0 0 0 0 9 19 42 19 
7 8 18 43 26 49 35 8 
6 12 14 28 43 48 52 38 
10 3 25 8 40 11 46 34 
0 7 3 24 7 52 13 53 
0 9 2 16 15 44 34 33 
1 1 16 1 36 0 43 0 
3 4 15 16 38 33 67 10 
0 12 0 23 0 62 9 33 
2 6 10 34 33 62 65 18 
0 10 1 33 6 38 22 42 
3 4 4 18 6 40 23 54 
0 10 4 35 8 41 39 83 
8 8 6 17 18 34 26 39 
0 3 4 23 10 35 17 48 
0 6 5 6 16 8 62 52 
0 5 0 26 16 46 52 51 
0 8 0 20 11 38 52 17 
0 8 0 17 5 45 32 55 
0 10 3 25 3 67 3 32 
3 0 7 14 7 23 36 30 
6 7 20 13 36 1 34 12 
0 9 0 17 7 45 25 79 
0 11 0 41 0 85 45 18 
2 7 19 22 44 36 56 30 
0 31 0 69 7 67 50 27 
3 0 6 20 33 20 65 2 
0 10 0 26 3 46 49 19 
0 6 0 8 6 8 35 12 
0 14 8 41 13 26 43 6 
0 7 6 32 26 58 57 61 
1 0 2 0 23 5 59 21 
0 0 1 7 5 15 21 37 
1 10 1 24 9 31 23 38 
1 13 2 29 14 58 90 57 
3 7 24 33 42 18 68 4 
0 0 5 18 7 35 12 45 
0 3 0 25 7 56 55 23 
0 9 0 23 12 28 32 14 
2 6 11 31 37 80 77 13 
1 1 6 23 23 35 47 23 
0 10 0 30 8 22 52 36 
0 18 1 45 4 47 23 40 
0 13 1 49 7 90 29 47 
0 3 0 8 0 30 4 40 
0 4 0 4 6 40 54 19 
0 1 0 11 18 9 61 4 
0 8 0 53 4 50 33 98 
7 7 8 20 8 29 33 51 
0 11 0 34 7 46 16 37 
0 12 4 32 10 51 19 94 
0 2 3 21 10 65 67 19 
2 6 14 11 25 29 59 11 
4 5 12 21 45 16 65 3 
0 16 6 40 29 46 32 21 
0 8 2 13 16 18 31 17 
0 11 0 35 13 55 36 17 
3 1 23 0 74 0 104 3 
0 5 8 18 27 26 48 26 
0 9 4 33 15 65 37 28 
6 6 20 39 31 73 64 21 
0 17 2 56 9 73 59 47 
4 1 4 19 4 56 10 74 
0 6 0 28 4 39 14 22 
2 1 10 26 18 39 40 16 
0 23 0 27 2 14 28 117 
2 14 7 29 11 46 11 19 
0 7 18 40 31 40 42 16 
0 1 0 14 2 28 26 40 
1 8 10 20 10 35 24 20 
3 3 7 6 18 11 53 14 
0 14 2 30 37 56 116 9 
0 29 4 39 28 36 30 31 
0 0 2 11 18 51 47 12 
0 4 0 10 16 27 18 28 
0 11 3 22 6 39 5 46 
5 15 8 24 21 54 46 19 
0 3 8 32 18 38 45 5 
3 7 6 9 18 27 61 10 
0 7 2 27 12 80 26 46 
0 4 12 39 20 78 33 37 
1 0 3 4 8 26 22 65 
0 3 1 15 18 20 40 81 
4 2 7 1 13 11 18 35 
0 13 0 33 11 45 57 26 
0 21 17 39 36 77 62 12 
0 3 0 28 9 90 12 90 
0 0 5 0 20 19 32 69 
2 28 3 57 19 39 31 17 
0 23 4 44 14 59 66 13 
2 3 17 12 51 12 75 26 
0 9 0 37 0 76 12 72 
1 0 3 10 26 57 68 16 
3 8 4 41 4 42 72 23 
0 13 3 18 10 19 50 10 
0 19 2 33 4 30 35 96 
0 15 4 32 14 74 55 25 
5 9 8 14 21 25 34 45 
0 1 2 4 11 67 19 33 
0 13 3 30 24 67 61 14 
0 5 1 16 8 20 39 55 
0 4 0 35 0 35 14 33 
1 1 7 7 34 57 95 16 
4 14 22 31 29 30 68 63 
0 5 0 36 7 48 39 55 
0 2 4 10 17 58 39 64 
0 6 1 35 24 77 32 53 
0 5 1 18 6 81 24 43 
0 15 3 24 12 40 18 80 
0 3 9 21 37 28 56 39 
2 0 2 10 11 39 18 41 
0 10 3 34 17 10 62 12 
0 0 3 11 9 32 23 57 
3 7 7 15 14 9 42 16 
7 9 19 21 52 14 114 39 
2 18 5 29 11 57 87 20 
0 13 1 18 1 22 11 19 
0 8 0 18 0 66 29 50 
0 3 0 18 17 50 52 15 
2 24 14 43 57 45 114 31 
3 5 5 8 5 34 10 55 
4 10 9 15 21 41 46 59 
8 2 20 24 37 54 75 43 
0 14 5 39 24 85 23 38 
0 0 7 15 21 45 41 37 
1 0 1 14 1 59 22 64 
0 13 0 47 5 60 21 35 
0 19 2 56 2 64 14 58 
2 13 5 39 26 40 52 38 
3 8 14 35 22 66 50 9 
2 3 8 32 22 62 45 25 
0 1 0 15 3 54 14 11 
4 3 16 27 37 55 53 18 
0 0 0 9 11 43 47 11 
0 2 0 7 8 37 20 16 
0 19 3 40 3 60 5 80 
11 11 19 55 27 73 124 12 
2 11 8 47 14 33 23 6 
0 8 3 31 7 41 29 50 
0 1 2 43 8 68 49 48 
0 3 0 7 25 40 73 29 
0 13 2 23 13 39 13 35 
0 10 0 42 4 67 18 35 
0 7 0 25 11 66 20 44 
3 4 5 12 7 13 14 28 
2 1 6 18 22 28 60 26 
2 5 7 25 18 53 30 15 
2 12 4 27 28 36 65 26 
3 42 12 40 21 24 76 41 
0 6 0 31 0 63 9 16 
0 6 4 64 22 51 36 22 
3 0 17 12 34 45 52 11 
1 6 3 10 18 34 48 67 
5 0 8 7 37 6 56 26 
6 13 14 36 29 47 43 9 
0 16 3 35 16 64 31 45 
0 9 9 32 14 27 39 19 
0 18 5 33 13 32 35 61 
0 0 3 1 9 26 23 14 
5 3 16 15 23 31 38 34 
0 5 0 35 2 75 15 60 
0 0 11 0 41 6 68 3 
3 10 3 35 18 62 42 18 
2 2 16 12 25 38 51 18 
0 30 9 34 38 29 91 7 
0 21 4 28 12 53 43 70 
0 27 0 60 33 97 75 29 
7 7 20 24 22 83 59 39 
0 5 2 26 2 21 15 19 
10 27 16 45 28 90 69 21 
3 8 19 19 36 14 49 0 
3 0 6 18 14 48 32 25 
6 5 18 20 31 29 97 5 
5 5 12 26 13 42 14 87 
2 18 1 50 1 45 31 26 
8 1 30 3 51 1 59 1 
0 17 1 51 5 91 60 60 
2 11 4 35 3 91 39 25 
3 11 8 14 33 26 127 17 
5 4 8 26 10 28 63 26 
5 0 21 15 45 31 73 9 
0 10 0 35 4 61 11 82 
0 10 0 25 31 32 88 24 
0 6 0 30 2 58 27 27 
3 0 16 27 34 40 87 10 
7 6 7 22 13 56 9 64 
1 0 5 9 8 19 46 5 
2 21 8 79 11 56 25 9 
2 8 11 34 12 34 22 24 
4 7 13 16 25 10 41 2 
0 5 0 14 3 17 56 43 
3 15 8 44 19 50 36 42 
0 0 3 11 18 47 38 28 
1 0 3 13 23 26 39 40 
0 0 0 11 11 58 29 46 
0 8 0 44 0 104 15 105 
0 4 11 21 24 51 42 26 
1 4 8 29 12 33 47 8 
0 5 0 17 1 49 14 40 
0 17 0 29 12 48 50 41 
0 7 2 9 7 22 55 43 
0 2 0 4 0 13 29 46 
0 15 0 34 5 58 32 95 
0 21 0 35 1 33 37 36 
1 16 2 45 2 37 31 49 
2 0 2 5 8 25 27 59 
4 3 35 30 65 39 124 7 
0 7 0 44 2 45 10 47 
5 0 25 11 51 8 57 7 
0 14 0 32 0 67 15 38 
10 7 9 24 11 33 12 23 
2 0 11 14 21 94 46 57 
0 1 7 13 7 35 68 61 
0 2 0 13 0 23 24 24 
0 7 3 26 24 34 64 37 
0 13 8 26 38 56 63 12 
0 6 0 20 0 67 10 69 
0 20 13 60 41 69 66 40 
0 1 0 15 33 29 48 54 
6 11 26 40 37 72 65 40 
0 6 0 26 8 43 39 45 
22 0 33 21 53 29 80 22 
0 9 0 28 14 71 55 40 
3 5 7 35 30 65 74 17 
0 9 4 20 31 12 58 2 
0 22 0 81 11 84 28 45 
0 11 0 30 0 27 11 84 
3 9 6 21 14 12 64 43 
0 2 3 5 4 18 43 11 
4 5 18 2 44 9 43 16 
0 0 0 7 15 51 37 34 
0 6 0 15 16 39 54 21 
0 14 1 26 9 30 27 30 
0 12 0 28 27 38 50 49 
0 14 6 18 15 10 58 15 
1 1 1 22 0 48 16 62 
8 13 16 14 22 15 40 7 
0 9 0 21 10 50 12 50 
0 0 0 4 1 21 43 51 
16 0 27 0 60 0 93 0 
0 0 0 5 0 38 16 104 
5 2 20 21 45 37 73 10 
0 0 3 12 3 46 12 80 
0 0 0 0 7 41 14 28 
1 3 7 18 15 35 23 43 
0 1 1 16 10 102 35 58 
4 12 12 39 24 65 65 23 
1 0 4 41 9 50 16 78 
