10 20 40 80 
1 11 54 161 
3 24 103 241 
4 10 35 109 
7 13 42 85 
2 5 40 99 
1 28 61 160 
1 12 70 180 
3 13 28 98 
0 2 45 149 
4 20 62 132 
5 20 60 138 
9 31 99 193 
2 9 53 139 
4 23 64 163 
7 23 65 140 
0 15 52 125 
16 37 51 131 
12 31 102 176 
0 0 18 128 
5 22 77 159 
6 15 46 115 
2 6 21 94 
4 14 50 142 
12 17 43 118 
0 6 46 97 
0 3 13 77 
1 15 44 101 
1 14 47 105 
13 33 93 193 
0 2 26 107 
2 18 56 107 
6 13 31 169 
0 2 35 116 
3 15 59 113 
0 7 36 116 
2 13 61 114 
6 39 86 168 
5 36 99 172 
0 3 6 75 
11 21 68 183 
1 11 37 102 
7 24 69 110 
10 20 33 83 
1 10 26 120 
0 2 46 115 
0 4 46 76 
10 33 88 185 
0 5 29 69 
2 12 61 180 
9 17 57 147 
9 22 44 95 
0 0 21 118 
1 18 57 103 
0 2 31 170 
3 23 78 125 
0 5 9 32 
5 29 54 118 
10 32 97 147 
0 14 56 129 
3 9 33 65 
8 24 40 109 
5 17 96 178 
0 7 56 150 
0 16 56 143 
0 1 34 131 
0 5 69 160 
1 2 17 94 
2 23 69 150 
0 16 82 157 
2 13 47 119 
3 15 27 159 
3 36 135 245 
4 18 48 102 
11 31 73 128 
0 2 17 70 
2 8 34 104 
4 11 27 105 
4 6 37 120 
2 12 59 164 
4 20 62 112 
12 35 94 103 
4 12 45 145 
11 22 69 116 
0 8 20 79 
0 0 2 49 
1 1 5 31 
15 51 85 93 
21 48 126 304 
11 21 71 119 
7 28 74 149 
0 2 24 87 
1 8 45 135 
1 19 55 139 
13 31 64 136 
0 6 27 67 
2 8 24 84 
4 26 52 110 
15 38 80 113 
2 21 90 296 
4 32 111 157 
8 8 17 57 
5 32 61 136 
0 2 25 105 
5 26 79 170 
11 28 32 72 
3 17 46 115 
2 3 35 85 
9 19 63 176 
4 17 51 178 
14 27 52 133 
7 25 79 161 
1 6 30 73 
1 20 45 155 
11 35 77 183 
2 15 41 106 
7 17 32 88 
4 14 56 115 
7 21 44 116 
6 19 91 169 
5 5 29 118 
3 7 35 134 
0 2 21 68 
0 2 29 116 
13 29 77 88 
3 9 46 95 
7 23 46 131 
0 16 50 184 
8 32 95 137 
3 10 46 217 
0 0 26 113 
0 3 36 88 
14 33 55 122 
0 11 42 115 
0 3 36 118 
5 29 45 124 
2 19 61 121 
2 23 47 93 
12 30 55 121 
0 4 14 48 
8 21 54 102 
0 0 28 156 
0 14 54 182 
3 5 37 130 
3 9 47 161 
2 14 61 177 
0 26 74 197 
0 14 98 203 
7 14 30 129 
3 4 32 99 
15 32 69 117 
5 12 57 100 
10 32 55 162 
6 32 79 200 
1 9 36 83 
0 7 46 164 
2 25 71 100 
2 12 29 87 
0 4 52 114 
6 20 67 201 
1 22 62 88 
7 28 68 214 
7 25 98 170 
11 31 71 164 
0 8 28 56 
5 19 43 94 
2 13 49 117 
14 21 49 87 
0 8 56 144 
0 7 21 100 
5 13 76 192 
8 19 56 156 
0 14 46 81 
13 37 76 172 
0 0 4 76 
0 17 76 129 
0 0 21 78 
2 6 18 61 
2 10 46 133 
7 25 83 153 
6 14 50 77 
4 13 67 206 
3 15 28 148 
17 33 103 168 
1 15 80 203 
6 39 106 164 
8 21 39 107 
3 30 76 100 
3 27 64 157 
0 7 24 83 
6 13 65 175 
0 22 44 106 
0 3 42 75 
2 16 38 117 
6 9 18 74 
4 5 42 130 
0 1 28 63 
17 32 59 122 
3 9 40 162 
3 32 93 129 
3 8 43 116 
3 8 54 189 
9 28 72 111 
0 0 33 134 
2 19 49 148 
2 15 65 139 
2 18 56 113 
3 17 67 168 
0 8 37 114 
2 17 88 166 
1 5 48 148 
9 28 70 161 
3 14 32 62 
0 5 50 131 
0 0 5 35 
6 17 74 114 
0 0 26 76 
0 4 29 109 
0 4 36 151 
0 0 21 94 
9 19 51 89 
13 37 92 225 
11 22 28 100 
3 19 88 237 
6 36 77 164 
0 6 33 94 
8 27 62 117 
4 17 51 146 
0 1 13 84 
11 40 77 140 
1 12 71 175 
0 6 33 91 
2 13 36 120 
4 29 81 149 
15 30 65 170 
5 17 58 185 
9 31 118 175 
0 14 51 124 
0 4 22 65 
11 37 78 150 
3 14 47 88 
9 16 31 74 
0 9 38 143 
9 20 78 206 
9 22 42 154 
6 19 56 127 
1 17 68 152 
14 21 52 136 
0 0 47 185 
15 41 79 112 
3 18 45 78 
0 0 2 98 
7 24 73 144 
3 6 52 78 
2 4 30 94 
2 4 30 130 
10 30 77 178 
5 11 57 172 
13 28 55 139 
16 30 59 154 
4 20 68 133 
5 10 43 97 
12 26 47 106 
4 6 53 248 
13 20 34 97 
27 51 118 194 
1 16 22 88 
1 18 65 154 
10 23 29 43 
1 15 55 193 
0 11 25 87 
0 9 43 205 
5 13 23 93 
5 8 48 137 
0 6 51 165 
2 12 51 142 
4 27 50 97 
1 5 32 110 
8 32 67 158 
4 14 64 130 
0 9 31 109 
2 12 28 87 
1 6 49 158 
1 33 72 164 
4 24 83 149 
14 32 102 194 
4 12 20 153 
7 21 88 156 
9 29 99 175 
4 17 58 139 
4 36 94 261 
0 15 26 71 
7 27 64 148 
10 31 55 98 
4 9 32 83 
0 5 22 60 
3 19 43 123 
1 6 17 98 
0 10 34 149 
2 27 57 215 
0 9 54 129 
0 10 20 64 
0 0 13 112 
12 28 81 144 
4 23 42 68 
3 11 53 164 
8 31 51 155 
5 19 72 105 
0 1 19 124 
0 8 44 115 
14 41 77 133 
0 12 54 83 
1 13 53 146 
5 13 22 86 
0 9 45 133 
3 7 30 89 
0 6 34 188 
5 14 29 102 
11 27 108 263 
0 5 15 116 
1 8 47 115 
13 34 83 123 
3 14 80 153 
0 20 34 99 
1 13 63 141 
14 32 75 138 
6 32 76 109 
5 17 51 126 
0 11 34 101 
0 0 14 67 
0 11 58 137 
4 14 42 177 
7 22 58 129 
1 10 38 179 
3 19 73 165 
16 22 34 80 
6 23 63 228 
6 6 15 71 
12 22 67 138 
0 2 27 121 
11 25 68 122 
13 28 65 142 
8 24 68 146 
3 10 24 73 
1 5 68 125 
3 13 55 165 
14 41 85 125 
3 26 61 190 
2 2 23 136 
0 0 20 104 
9 24 60 142 
6 14 48 165 
4 23 84 180 
11 15 16 51 
0 6 25 109 
4 21 62 164 
3 13 57 144 
0 1 21 83 
1 18 51 110 
1 5 80 115 
0 10 34 121 
0 14 43 91 
4 17 42 99 
6 13 38 80 
0 17 88 152 
12 32 107 210 
0 5 46 170 
1 12 73 154 
1 29 112 175 
4 8 71 153 
4 12 45 83 
2 25 96 187 
0 13 47 76 
12 19 41 98 
0 8 23 103 
0 9 30 122 
2 26 46 170 
1 10 68 171 
2 21 53 134 
3 18 55 167 
5 19 82 131 
13 48 85 226 
0 1 36 97 
13 19 69 175 
1 12 95 256 
0 1 10 52 
3 30 89 173 
0 1 10 79 
1 9 25 103 
7 18 29 85 
0 0 20 88 
10 22 54 117 
3 23 103 229 
0 0 31 169 
0 11 24 73 
1 5 57 99 
5 8 39 138 
0 0 29 69 
1 16 55 137 
0 3 17 86 
2 16 75 144 
6 27 89 170 
2 20 42 131 
0 0 20 78 
4 10 40 135 
0 7 47 98 
5 15 66 112 
1 7 52 161 
1 8 28 71 
5 36 76 113 
6 22 64 159 
11 39 86 163 
6 17 67 150 
3 10 40 160 
1 16 86 268 
9 34 61 91 
9 29 82 212 
17 37 58 78 
4 24 90 170 
14 38 86 189 
0 0 4 49 
2 25 74 196 
0 0 7 148 
5 11 82 112 
15 40 106 222 
0 12 63 148 
0 4 19 41 
0 0 28 140 
4 24 84 157 
0 9 39 107 
2 9 65 153 
10 19 50 125 
12 26 56 139 
4 20 59 120 
1 9 63 108 
10 35 100 245 
2 25 83 176 
3 14 50 165 
0 9 63 132 
3 15 37 137 
14 45 80 161 
0 8 27 100 
0 15 40 71 
0 13 42 79 
3 10 53 73 
9 32 60 112 
0 2 47 135 
4 15 75 132 
0 1 3 104 
4 22 55 131 
2 8 44 154 
7 13 37 100 
8 22 63 162 
3 24 66 99 
0 16 70 98 
7 15 50 132 
0 3 42 89 
5 20 51 90 
6 36 79 158 
1 2 20 135 
10 27 70 178 
2 14 38 95 
11 20 57 120 
0 0 9 76 
9 21 99 219 
3 22 75 132 
1 13 25 87 
4 18 51 113 
2 16 75 253 
4 12 58 162 
0 3 34 142 
2 19 41 117 
11 23 60 182 
2 9 39 134 
3 5 71 179 
4 8 25 121 
5 31 67 110 
0 4 44 141 
0 8 29 50 
7 18 58 111 
11 32 78 199 
1 8 27 73 
0 1 30 117 
4 6 31 135 
6 23 82 155 
0 9 56 147 
5 12 35 75 
10 26 100 230 
0 3 32 106 
8 24 85 183 
0 19 65 127 
1 13 63 127 
2 10 21 90 
0 10 53 115 
7 35 127 223 
0 4 27 115 
0 0 30 127 
2 7 39 129 
3 4 36 98 
2 11 29 60 
5 16 34 92 
4 7 29 79 
3 10 44 109 
0 7 16 60 
2 9 42 117 
7 14 54 165 
0 11 56 137 
6 21 85 220 
17 34 99 194 
4 19 45 131 
6 22 52 153 
9 20 42 109 
6 14 55 136 
3 12 23 95 
12 63 167 254 
1 7 60 89 
0 5 29 150 
0 7 31 72 
0 3 30 126 
0 0 35 83 
0 6 42 123 
4 17 61 131 
2 7 34 118 
5 15 86 184 
0 0 14 77 
2 10 27 92 
1 4 68 157 
0 3 28 84 
0 17 58 216 
8 30 46 78 
0 8 62 215 
4 30 53 115 
3 14 42 144 
0 12 27 89 
3 9 42 92 
3 26 77 197 
0 4 39 179 
1 17 68 137 
20 42 98 174 
0 7 52 188 
5 16 35 70 
9 22 54 150 
2 19 33 94 
8 23 49 177 
4 18 61 121 
3 17 35 111 
2 23 79 153 
0 4 11 62 
4 30 96 268 
5 24 64 129 
0 1 58 154 
5 27 70 113 
6 23 60 153 
8 16 37 149 
12 24 43 98 
0 11 25 89 
3 33 109 156 
1 18 72 186 
0 17 58 164 
3 20 53 145 
8 16 21 81 
11 23 67 136 
2 13 38 145 
1 8 34 97 
0 26 74 225 
3 12 62 90 
0 3 34 120 
1 10 50 162 
2 15 71 207 
0 9 18 81 
9 21 77 163 
3 18 102 205 
0 2 26 118 
0 6 29 67 
0 11 40 118 
1 20 47 62 
7 26 43 79 
5 22 52 142 
0 0 6 71 
13 44 120 231 
10 32 47 109 
3 22 37 122 
3 13 76 144 
8 37 67 116 
0 5 72 175 
3 13 52 146 
7 28 81 211 
1 13 42 118 
2 19 58 145 
4 12 44 123 
8 22 60 123 
0 0 9 140 
0 3 29 68 
0 20 57 121 
8 28 72 175 
2 17 45 133 
1 4 25 123 
0 0 13 81 
10 27 63 161 
7 15 33 113 
4 5 29 111 
0 0 11 70 
5 13 39 116 
1 6 49 129 
7 29 99 194 
2 4 28 89 
0 23 57 112 
0 3 44 151 
0 14 36 127 
0 26 55 82 
0 0 16 106 
9 27 67 175 
14 43 98 168 
14 19 75 118 
0 2 35 92 
4 16 108 283 
4 9 56 190 
8 19 57 139 
0 18 60 203 
8 21 68 157 
3 12 18 106 
6 22 53 154 
0 3 32 104 
1 29 81 153 
1 7 26 108 
1 15 61 134 
3 10 20 77 
9 15 33 67 
0 6 42 123 
0 15 32 119 
2 23 67 173 
2 13 56 132 
0 3 32 88 
2 16 66 150 
3 7 80 138 
3 12 36 70 
1 14 61 164 
4 6 46 140 
17 45 98 127 
6 16 77 220 
0 2 32 79 
0 1 16 56 
4 15 39 152 
1 16 61 97 
8 17 27 65 
0 3 18 116 
7 16 36 129 
11 20 49 97 
0 9 42 118 
14 43 113 234 
12 22 73 162 
3 11 35 95 
2 20 44 155 
0 2 25 78 
9 28 65 109 
1 10 44 150 
9 24 76 219 
14 30 65 170 
3 12 58 174 
0 2 34 60 
0 6 19 88 
0 11 46 125 
0 19 63 116 
7 31 57 183 
3 18 69 203 
0 9 77 213 
6 22 42 155 
12 40 90 142 
0 4 40 90 
4 21 33 48 
0 11 74 134 
0 7 25 142 
0 6 47 146 
0 3 28 163 
2 4 31 103 
3 12 27 76 
7 42 108 174 
1 9 24 90 
2 11 42 162 
7 28 73 157 
2 26 54 62 
3 12 64 125 
3 16 48 86 
4 11 65 164 
0 1 33 111 
6 12 52 101 
0 0 4 25 
5 11 40 94 
6 23 49 114 
8 28 63 158 
13 40 90 195 
0 7 21 85 
0 2 10 68 
0 2 25 126 
2 13 70 183 
6 17 61 148 
6 25 75 151 
5 13 38 92 
7 17 38 123 
2 28 91 172 
5 32 47 99 
16 40 103 224 
20 34 75 157 
0 10 60 130 
2 16 55 118 
5 30 92 218 
13 17 67 90 
0 0 5 103 
2 12 40 120 
0 20 75 176 
0 8 59 155 
0 1 29 113 
1 14 56 110 
2 12 50 64 
0 28 107 169 
0 18 73 120 
6 34 55 131 
0 11 83 141 
1 5 45 92 
0 6 59 206 
14 51 93 136 
0 4 39 96 
1 17 61 133 
3 17 108 238 
9 16 35 111 
3 13 41 133 
2 7 38 102 
8 24 58 139 
1 7 45 124 
5 33 70 100 
0 0 35 160 
3 13 35 174 
0 0 38 87 
0 0 41 187 
0 10 38 108 
1 14 52 121 
11 36 90 155 
1 4 40 102 
0 1 7 108 
0 10 61 162 
10 25 58 109 
0 5 33 222 
7 24 55 145 
0 15 72 143 
7 39 104 176 
0 4 30 76 
7 38 112 146 
3 12 36 85 
1 6 15 82 
0 13 73 153 
7 20 45 172 
9 28 62 155 
0 3 38 114 
8 36 106 185 
0 0 6 124 
6 22 46 146 
6 21 59 132 
0 11 47 109 
6 17 30 116 
0 22 40 152 
3 12 35 108 
2 29 55 89 
0 26 80 171 
1 17 85 141 
0 15 34 75 
2 20 67 149 
0 5 35 168 
8 28 114 202 
0 17 85 142 
18 53 121 191 
10 35 69 108 
1 6 45 100 
12 24 33 200 
0 10 19 104 
0 2 30 141 
18 51 111 203 
12 29 60 112 
4 11 60 152 
6 25 64 108 
18 66 160 248 
6 23 47 97 
9 20 73 187 
6 29 105 210 
15 27 55 156 
1 10 27 84 
13 30 103 155 
8 38 94 128 
2 13 60 97 
0 1 50 184 
3 7 53 134 
0 11 38 117 
0 13 104 177 
5 10 48 186 
0 16 61 109 
5 14 57 194 
0 4 25 70 
4 14 29 101 
7 21 87 179 
0 2 10 71 
7 21 28 94 
3 8 17 51 
7 11 38 110 
0 3 26 153 
1 16 68 177 
2 14 26 134 
0 6 35 138 
4 11 47 116 
6 29 48 90 
2 18 53 198 
7 37 100 191 
11 41 105 211 
0 8 27 93 
0 2 19 62 
8 23 61 101 
5 9 54 229 
14 18 27 91 
0 15 53 158 
7 17 57 206 
13 42 70 108 
2 2 37 103 
0 0 16 67 
10 31 91 177 
0 3 49 99 
3 16 41 144 
0 16 59 160 
1 22 58 89 
5 14 54 133 
0 12 54 136 
6 14 47 129 
5 18 41 112 
0 16 75 166 
1 5 20 36 
0 16 66 122 
0 9 43 131 
3 11 31 116 
1 9 36 118 
2 11 35 109 
3 23 46 133 
7 16 54 85 
2 11 28 100 
5 17 49 128 
6 14 51 132 
4 31 89 186 
18 31 49 91 
2 8 53 138 
0 5 20 76 
0 13 57 126 
20 49 120 285 
0 5 42 162 
2 22 85 191 
0 11 61 152 
2 11 23 80 
5 12 41 126 
4 9 26 112 
0 3 33 97 
0 0 10 99 
0 18 32 64 
0 14 31 138 
9 33 110 177 
0 24 54 182 
0 29 58 115 
12 21 44 146 
5 10 60 123 
2 5 18 53 
3 9 57 120 
6 26 54 105 
0 1 34 190 
4 15 37 95 
4 25 64 86 
8 31 97 183 
8 26 48 120 
2 22 63 94 
5 14 33 158 
0 0 26 128 
17 36 80 247 
2 15 53 110 
0 2 54 166 
8 49 124 227 
5 24 57 115 
2 7 20 92 
1 4 37 161 
19 42 89 216 
3 13 57 175 
7 40 119 205 
1 8 26 98 
10 27 102 262 
0 13 45 107 
3 26 66 149 
4 18 62 101 
11 27 76 194 
9 30 66 134 
11 28 57 158 
2 13 51 120 
11 23 43 105 
5 12 47 142 
7 23 55 108 
10 19 75 127 
2 15 47 164 
0 0 26 105 
0 1 30 105 
7 27 69 136 
11 28 48 66 
9 25 100 242 
5 20 103 277 
0 8 34 62 
5 11 37 103 
0 8 59 150 
4 8 28 49 
8 32 93 120 
5 18 42 149 
0 3 28 49 
5 30 101 184 
0 0 31 114 
0 29 97 196 
1 3 35 95 
4 13 45 164 
0 9 85 226 
6 19 60 131 
8 30 84 149 
6 14 37 120 
4 26 71 93 
2 16 80 170 
9 47 100 197 
14 42 76 169 
3 26 52 139 
0 0 14 108 
0 0 9 31 
0 6 36 169 
0 2 43 127 
2 16 64 170 
0 4 43 101 
3 14 44 133 
10 37 83 186 
3 11 47 96 
5 14 67 178 
6 10 20 90 
3 18 50 120 
3 12 14 70 
0 11 44 148 
6 12 29 68 
4 14 63 152 
0 7 16 86 
7 17 62 132 
17 44 65 113 
0 1 25 100 
4 33 75 134 
0 0 26 105 
0 0 16 77 
3 14 31 80 
4 14 66 74 
10 19 52 92 
3 7 33 93 
1 17 30 104 
8 25 92 219 
10 31 55 195 
0 12 59 122 
0 10 20 137 
6 12 26 95 
3 15 28 88 
0 6 47 92 
2 15 55 125 
0 12 60 216 
7 32 55 87 
13 36 82 144 
1 13 34 79 
2 10 20 110 
0 0 16 92 
1 4 41 128 
0 8 76 213 
3 13 74 176 
0 0 19 86 
3 8 47 154 
0 13 49 152 
5 24 81 199 
10 21 47 142 
7 20 70 180 
7 18 64 222 
7 19 52 156 
1 0 20 77 
14 36 64 169 
9 53 132 205 
2 7 43 130 
10 28 94 196 
0 12 48 129 
3 15 38 112 
13 33 115 234 
15 39 101 153 
5 22 50 170 
1 16 72 137 
9 33 79 186 
10 30 80 165 
3 12 41 122 
2 22 103 286 
1 28 70 110 
6 35 72 106 
4 21 53 172 
3 13 90 227 
1 22 70 149 
2 16 46 107 
2 7 52 132 
3 6 45 130 
4 18 72 147 
16 49 100 161 
0 2 8 50 
0 0 9 98 
0 20 75 130 
0 16 31 61 
4 20 63 177 
0 0 36 163 
2 23 79 160 
3 32 90 155 
8 13 33 116 
3 9 38 94 
0 0 34 126 
10 38 110 183 
0 16 57 159 
2 37 90 157 
0 6 38 110 
1 4 12 82 
4 8 19 122 
0 20 78 165 
5 16 44 111 
2 11 49 121 
3 29 51 109 
12 30 75 150 
1 17 90 167 
0 18 47 110 
6 27 70 162 
6 22 101 166 
1 7 24 127 
3 24 45 92 
4 16 62 163 
3 25 49 109 
0 0 12 56 
2 10 52 165 
7 33 71 157 
11 16 32 114 
0 11 84 167 
1 6 62 303 
1 16 41 141 
11 31 80 158 
1 5 42 142 
0 8 42 139 
0 0 12 101 
0 3 42 83 
0 3 11 80 
13 30 56 154 
10 40 69 107 
9 22 55 135 
9 27 86 242 
2 20 56 140 
5 10 60 94 
2 8 27 45 
1 19 69 128 
0 0 22 149 
5 11 48 157 
1 7 26 162 
0 0 20 107 
5 15 37 128 
0 4 39 139 
1 1 20 56 
2 18 62 148 
0 24 51 107 
2 14 50 136 
3 24 69 144 
0 4 26 76 
0 0 22 72 
1 5 45 99 
0 8 23 58 
1 8 56 140 
0 4 23 115 
6 17 60 140 
5 7 20 72 
4 14 19 69 
7 24 75 109 
0 2 35 102 
8 21 43 78 
4 9 25 161 
0 3 35 75 
4 7 11 42 
9 40 80 126 
0 3 29 119 
5 12 64 128 
4 8 32 84 
7 12 39 103 
0 3 47 122 
4 33 78 137 
1 18 52 134 
7 32 73 164 
1 16 33 102 
4 6 21 78 
6 38 99 208 
2 10 40 116 
7 17 68 141 
8 22 58 108 
18 41 61 64 
7 41 102 170 
8 32 104 151 
8 34 117 234 
5 12 69 171 
0 12 33 107 
0 5 64 215 
1 1 12 94 
5 11 21 72 
0 12 37 98 
1 7 18 96 
5 8 20 106 
4 9 19 63 
7 10 59 87 
1 14 68 159 
0 1 50 119 
8 19 56 105 
0 15 37 216 
3 12 21 160 
7 21 66 185 
4 9 33 88 
9 32 72 163 
5 32 78 142 
0 1 10 27 
3 6 46 101 
1 30 125 323 
0 0 21 64 
1 12 52 173 
0 3 19 156 
9 17 44 116 
0 10 40 113 
0 0 11 111 
3 17 40 113 
17 43 101 205 
3 6 48 114 
5 12 57 204 
0 10 31 50 
3 16 64 104 
2 6 24 132 
0 1 11 74 
10 38 92 176 
0 3 20 111 
0 2 15 51 
3 9 29 132 
2 9 33 71 
7 20 49 110 
0 0 15 84 
0 4 62 149 
14 31 100 184 
4 20 68 239 
9 17 58 110 
1 6 17 71 
0 11 42 89 
0 14 55 101 
2 11 34 121 
2 19 70 160 
14 20 40 110 
3 4 34 114 
0 2 15 62 
3 12 36 109 
10 26 63 166 
13 49 87 148 
3 26 62 118 
14 29 43 114 
0 16 54 102 
8 38 96 176 
4 14 64 245 
1 17 55 109 
2 6 78 144 
11 38 81 143 
3 21 64 138 
4 13 56 180 
0 2 22 141 
0 10 50 144 
0 4 40 104 
9 23 64 190 
1 12 66 124 
9 33 93 152 
4 11 18 35 
0 3 46 164 
3 11 35 127 
7 23 66 127 
0 1 18 75 
0 0 0 50 
2 9 47 117 
0 0 31 129 
3 3 36 105 
1 12 27 80 
2 14 32 100 
0 14 32 111 
0 11 72 174 
10 28 66 184 
0 10 11 109 
1 33 83 175 
5 21 40 72 
3 5 35 114 
5 25 70 154 
6 14 75 184 
5 10 33 109 
5 19 62 139 
8 22 83 213 
3 15 34 124 
3 37 64 118 
3 16 28 42 
2 8 16 137 
4 27 102 173 
0 1 28 105 
5 18 63 208 
17 31 53 87 
0 4 61 131 
0 7 40 82 
6 23 70 132 
5 14 41 105 
5 12 31 117 
14 44 124 201 
0 12 58 142 
0 0 35 174 
0 10 41 99 
10 21 55 98 
9 12 42 176 
4 38 66 140 
6 15 50 102 
0 16 63 101 
0 3 39 134 
1 19 40 117 
15 36 87 171 
1 8 59 244 
6 20 45 77 
2 9 34 131 
0 1 13 69 
2 26 65 132 
0 10 23 79 
0 1 11 94 
1 25 68 138 
0 0 16 126 
12 31 92 197 
0 3 9 66 
0 2 42 154 
1 5 12 144 
2 9 40 151 
2 14 39 86 
1 14 51 103 
7 10 46 114 
0 0 24 140 
1 6 43 99 
0 0 24 162 
2 6 24 111 
6 13 33 94 
2 6 32 67 
4 3 47 184 
6 13 17 127 
6 25 71 138 
1 5 32 165 
1 7 42 136 
4 20 80 161 
10 22 34 89 
3 18 53 118 
1 6 30 82 
2 4 40 137 
0 0 1 80 
4 27 74 170 
3 20 51 134 
3 9 24 107 
0 3 7 35 
1 7 22 101 
0 5 43 180 
1 6 23 144 
1 15 56 158 
8 25 59 124 
15 25 52 153 
4 23 71 173 
0 4 38 93 
10 28 76 156 
0 4 29 99 
2 37 98 178 
0 3 37 96 
0 5 29 162 
0 9 57 115 
11 14 29 74 
3 17 44 93 
0 8 47 177 
0 6 47 127 
0 7 60 143 
1 5 37 115 
1 7 21 102 
3 19 66 182 
3 5 28 81 
0 0 1 64 
11 35 98 148 
4 14 87 167 
5 45 126 221 
14 34 88 105 
4 14 68 195 
9 27 87 133 
5 35 85 251 
5 6 24 159 
3 4 41 168 
0 2 32 109 
17 28 95 180 
6 12 45 123 
11 34 81 223 
6 19 69 147 
4 8 40 147 
19 33 67 183 
10 24 52 206 
0 9 56 141 
9 30 87 121 
0 4 31 65 
4 21 88 223 
5 12 43 111 
5 16 45 137 
1 15 68 115 
3 12 26 87 
7 23 62 135 
1 4 27 137 
0 2 40 128 
0 9 57 168 
1 4 19 57 
12 27 76 198 
1 15 59 109 
0 19 69 131 
4 20 76 136 
1 7 46 137 
3 23 72 126 
7 11 20 73 
5 19 81 176 
2 13 44 109 
2 23 81 151 
2 22 43 66 
2 36 112 167 
1 15 42 144 
2 10 32 122 
0 0 13 84 
11 41 89 132 
13 32 97 159 
0 16 64 156 
2 7 30 115 
6 11 47 111 
4 5 24 105 
0 9 37 100 
0 4 29 110 
5 21 68 98 
3 9 23 85 
11 31 88 158 
2 7 16 74 
5 14 34 112 
0 8 70 159 
0 1 18 67 
11 40 102 227 
0 0 47 123 
0 13 33 135 
1 7 38 93 
0 14 64 150 
12 34 54 135 
3 10 41 116 
9 30 53 140 
1 8 33 106 
0 7 28 124 
2 7 37 212 
2 2 24 73 
3 11 41 132 
2 25 90 216 
8 19 75 159 
1 5 38 110 
4 18 90 140 
7 25 108 248 
1 23 66 105 
4 12 63 127 
0 9 48 113 
6 15 44 91 
2 12 93 186 
0 7 27 103 
2 4 15 61 
4 22 88 175 
3 11 25 78 
6 18 60 168 
1 13 45 115 
8 26 68 131 
1 5 13 52 
11 40 137 232 
0 8 48 147 
9 31 44 63 
1 3 36 140 
1 11 30 95 
7 13 34 179 
0 2 46 124 
0 1 13 61 
0 7 63 114 
1 4 41 96 
0 1 25 71 
3 38 102 227 
10 41 57 74 
0 4 34 144 
12 25 63 154 
2 23 60 163 
0 7 94 201 
2 8 25 95 
0 8 32 83 
1 15 52 141 
1 13 78 158 
9 16 26 72 
7 32 92 148 
0 11 63 90 
2 2 36 78 
0 7 61 118 
6 7 34 136 
1 19 57 139 
8 21 59 168 
0 8 31 69 
7 12 39 79 
10 40 80 130 
2 7 19 55 
2 16 67 151 
4 11 36 181 
3 14 46 112 
0 8 39 92 
3 6 37 154 
0 5 35 121 
2 10 51 136 
5 16 87 169 
0 5 41 147 
0 6 23 115 
0 2 24 93 
1 17 77 172 
1 13 47 115 
0 16 84 177 
2 24 44 73 
4 35 74 158 
7 36 89 197 
8 31 76 122 
1 22 49 84 
0 9 44 98 
5 17 72 180 
2 5 18 105 
11 43 76 149 
6 19 48 66 
7 31 74 181 
16 32 53 142 
0 1 35 95 
2 10 33 80 
0 14 32 62 
8 26 53 88 
1 9 26 41 
7 10 43 157 
8 32 63 93 
0 1 9 39 
8 25 59 178 
4 10 41 140 
2 24 71 207 
0 2 12 44 
5 11 25 87 
2 6 46 139 
0 15 55 119 
5 9 26 110 
0 9 54 121 
2 9 20 75 
0 4 32 113 
2 6 14 41 
2 13 68 186 
2 21 100 230 
10 47 98 166 
1 7 34 126 
7 19 55 129 
2 17 45 125 
8 21 39 104 
3 14 100 152 
2 19 57 129 
0 3 24 118 
5 19 86 152 
6 14 59 87 
0 0 17 61 
1 10 44 112 
2 18 57 145 
6 17 108 186 
0 3 50 93 
4 12 33 107 
0 7 32 99 
5 13 30 112 
6 20 44 149 
3 7 36 154 
13 39 65 125 
13 38 86 167 
3 6 44 216 
0 9 12 46 
1 9 38 157 
2 5 31 103 
0 10 35 86 
3 17 87 168 
7 21 56 143 
3 4 33 170 
16 33 64 103 
0 12 18 105 
6 13 54 153 
2 20 82 196 
0 11 28 111 
4 15 78 213 
18 37 108 171 
1 11 59 110 
9 19 44 123 
0 10 16 87 
2 17 105 135 
8 20 45 121 
4 14 58 176 
3 13 40 114 
3 16 44 126 
7 18 74 196 
3 10 47 89 
2 21 67 124 
5 23 94 172 
13 39 65 142 
6 35 111 208 
5 20 65 213 
0 2 33 107 
4 12 75 202 
0 4 23 93 
6 15 66 130 
11 29 47 78 
5 30 60 125 
0 0 15 134 
1 14 90 208 
0 10 52 112 
2 10 36 80 
0 0 26 68 
2 22 75 186 
0 12 44 99 
1 6 25 75 
0 13 42 107 
7 23 80 190 
4 19 36 121 
7 24 104 192 
0 8 62 160 
1 5 29 214 
1 14 61 120 
6 10 34 125 
2 18 42 106 
2 13 26 111 
4 18 60 119 
10 24 60 129 
4 9 21 44 
5 32 76 134 
3 16 47 159 
11 27 58 121 
5 41 105 228 
1 16 82 165 
0 20 59 107 
2 5 41 94 
0 12 58 147 
0 1 25 98 
0 6 17 70 
5 13 59 126 
3 31 90 242 
4 12 19 96 
15 48 98 113 
4 4 57 149 
9 29 97 185 
8 55 89 156 
7 24 38 203 
14 34 76 137 
2 9 25 109 
3 11 67 155 
2 37 93 182 
0 14 34 132 
0 1 18 166 
0 2 4 42 
0 10 59 231 
0 2 26 128 
0 7 31 69 
1 5 37 194 
5 27 73 218 
7 13 43 109 
5 30 116 158 
9 17 52 103 
13 63 190 297 
0 6 49 110 
8 23 41 90 
4 9 47 132 
8 14 24 66 
2 20 106 222 
0 1 8 63 
8 17 44 95 
0 7 29 140 
19 45 126 207 
1 18 77 152 
0 9 68 206 
7 29 95 207 
4 11 29 82 
5 15 41 113 
0 8 58 195 
0 2 24 95 
9 23 54 108 
0 24 76 102 
4 28 84 235 
0 4 41 240 
9 36 88 188 
0 0 11 75 
0 12 56 115 
0 0 20 104 
2 10 60 162 
12 32 126 229 
4 7 53 126 
0 0 42 124 
6 23 87 142 
2 15 46 93 
1 21 69 164 
4 18 67 151 
2 19 124 224 
13 18 59 152 
10 17 43 92 
17 31 42 107 
4 13 29 65 
7 18 45 107 
3 15 37 127 
1 7 39 138 
4 24 80 177 
19 40 75 167 
4 18 47 83 
0 5 24 150 
2 4 52 158 
5 22 58 192 
4 6 24 99 
0 2 23 81 
2 26 95 150 
6 13 39 116 
0 5 37 120 
1 10 67 136 
20 43 44 185 
1 3 33 157 
0 9 46 199 
4 22 51 116 
3 7 32 136 
3 15 69 180 
1 3 57 128 
0 0 7 96 
7 26 80 139 
6 6 22 129 
1 9 36 110 
3 10 53 148 
0 3 30 81 
1 3 47 165 
6 29 92 182 
9 24 69 215 
0 4 32 116 
4 16 39 74 
8 17 34 138 
1 5 31 86 
0 2 32 74 
2 19 62 135 
2 6 25 65 
8 31 83 222 
7 12 28 102 
0 7 64 141 
3 16 43 124 
22 49 113 206 
3 16 54 95 
8 21 50 175 
4 12 57 136 
8 24 62 108 
2 14 64 122 
3 15 52 105 
14 31 77 165 
7 12 28 89 
1 5 35 178 
4 12 32 114 
9 46 129 184 
5 28 62 151 
0 3 28 69 
4 10 21 83 
9 23 72 193 
3 12 45 151 
6 13 77 136 
0 2 29 157 
2 14 61 135 
4 16 45 77 
5 22 69 143 
2 14 27 80 
0 0 18 88 
1 8 47 180 
3 27 87 185 
0 5 35 102 
0 5 18 80 
0 0 18 110 
15 31 79 121 
6 31 91 185 
2 12 53 96 
2 15 99 211 
2 9 25 119 
7 22 81 144 
2 9 19 89 
0 4 13 89 
0 8 45 185 
0 5 48 148 
0 10 47 119 
3 9 29 131 
0 2 42 143 
0 11 19 83 
6 31 97 173 
4 11 42 148 
4 14 48 113 
5 27 63 116 
0 0 22 139 
0 9 36 99 
3 17 35 93 
7 18 51 183 
1 11 65 180 
1 8 46 159 
0 22 47 151 
0 3 20 142 
7 19 41 143 
1 4 17 69 
9 13 61 129 
0 18 77 182 
0 9 50 128 
8 26 49 129 
3 19 59 121 
0 8 42 83 
0 2 54 138 
2 16 62 119 
12 33 111 245 
0 2 17 55 
4 12 52 171 
1 21 50 123 
5 10 35 166 
1 8 30 77 
13 30 88 176 
8 33 120 166 
2 10 26 80 
0 0 10 101 
6 24 78 125 
0 3 41 104 
15 42 106 164 
8 39 95 250 
9 13 49 152 
11 21 74 153 
0 27 63 149 
16 29 77 156 
2 15 39 119 
5 20 63 146 
2 22 75 229 
1 6 43 116 
2 16 85 196 
1 1 53 163 
0 20 57 116 
1 6 38 110 
0 8 46 165 
1 23 75 128 
2 16 44 101 
0 5 52 150 
2 14 56 264 
7 22 54 145 
6 20 79 182 
4 19 61 128 
15 29 64 119 
4 17 31 89 
3 15 33 99 
5 22 87 151 
0 5 29 74 
0 24 57 110 
2 29 36 78 
5 12 60 140 
0 24 87 205 
9 21 50 132 
10 22 52 114 
9 39 79 150 
9 21 74 133 
5 14 36 111 
2 9 25 58 
0 7 44 131 
0 0 21 73 
3 20 53 131 
3 12 38 143 
2 14 59 149 
6 6 25 132 
10 41 73 116 
1 9 56 148 
6 27 60 96 
7 11 66 196 
16 33 65 145 
4 24 70 154 
3 20 56 194 
3 11 41 100 
7 34 80 208 
7 22 78 157 
7 26 46 136 
2 23 66 139 
15 36 75 142 
3 17 49 119 
2 13 40 173 
0 4 15 81 
1 8 47 114 
7 34 114 242 
0 8 26 84 
3 10 44 123 
0 15 59 174 
6 15 40 82 
10 24 90 225 
13 46 113 166 
0 1 6 93 
0 6 50 127 
0 34 99 199 
8 30 85 163 
5 22 38 98 
14 32 83 191 
2 9 80 168 
7 13 57 116 
1 12 29 141 
9 39 83 203 
5 8 19 77 
6 11 77 162 
5 21 54 94 
2 7 49 181 
3 9 39 116 
11 39 89 111 
3 15 54 113 
8 16 42 154 
2 7 42 118 
0 0 34 115 
0 0 28 128 
1 18 74 180 
7 25 62 97 
9 31 80 191 
0 6 25 104 
23 44 88 166 
7 24 27 103 
0 5 14 125 
2 13 26 95 
8 26 103 194 
5 26 117 171 
2 15 52 133 
2 6 23 107 
1 15 65 95 
5 19 58 122 
3 10 27 119 
8 23 42 79 
0 7 49 189 
0 6 33 66 
2 13 29 56 
0 1 25 76 
8 32 102 193 
10 46 129 264 
3 13 60 174 
0 22 78 150 
3 7 38 112 
0 5 19 38 
7 19 41 199 
6 26 47 124 
4 29 63 108 
7 9 32 138 
0 9 17 104 
0 0 6 79 
7 16 32 47 
0 10 44 123 
12 18 49 102 
0 13 27 101 
0 0 39 123 
2 21 95 249 
5 14 48 172 
2 10 23 73 
7 17 41 99 
9 14 51 187 
11 25 48 112 
0 0 6 89 
0 5 24 93 
4 14 48 128 
1 20 86 272 
20 54 103 167 
3 3 35 114 
7 25 63 217 
9 23 89 161 
20 49 113 209 
5 34 85 166 
1 24 75 229 
3 24 89 200 
8 32 97 195 
11 26 90 189 
0 3 20 92 
1 17 51 167 
2 4 41 144 
13 30 58 175 
2 2 30 136 
8 22 42 122 
8 20 37 111 
4 15 40 114 
9 33 74 191 
1 9 31 103 
6 11 30 119 
1 4 36 82 
0 1 44 180 
1 4 10 121 
4 11 22 102 
15 32 93 237 
0 24 106 178 
7 12 50 181 
3 34 92 242 
0 15 77 176 
0 2 21 69 
19 51 94 120 
0 7 27 111 
3 6 53 146 
4 13 61 125 
6 14 17 121 
4 9 50 204 
10 31 93 169 
1 25 75 137 
5 17 58 137 
0 7 28 99 
2 22 67 152 
3 9 26 72 
6 20 52 103 
3 15 61 110 
13 26 86 233 
0 0 14 127 
0 8 62 198 
3 28 72 183 
0 0 17 128 
5 21 53 109 
0 16 35 103 
5 16 54 122 
8 17 29 84 
6 26 79 142 
7 16 61 154 
1 10 37 101 
4 10 43 99 
9 22 68 145 
0 0 18 74 
0 4 69 112 
4 8 54 193 
0 0 24 57 
10 29 86 149 
0 4 28 32 
5 31 97 144 
6 18 121 162 
10 26 38 43 
8 25 63 88 
2 8 18 73 
8 33 97 157 
3 33 107 165 
9 33 85 139 
0 23 64 150 
13 26 62 167 
0 19 100 204 
0 2 17 93 
0 5 41 125 
0 7 33 83 
8 12 30 139 
0 2 15 87 
5 31 53 164 
9 18 52 142 
8 22 52 112 
4 7 30 123 
6 13 28 102 
3 40 65 107 
0 4 30 97 
0 7 22 78 
0 0 36 90 
2 4 17 96 
0 10 72 156 
4 14 68 192 
1 6 25 120 
6 21 38 98 
20 44 99 126 
12 30 43 158 
1 1 52 180 
5 23 84 198 
0 2 12 63 
9 26 61 122 
0 5 15 133 
0 0 35 163 
0 3 28 53 
0 6 52 112 
7 20 96 181 
9 27 114 237 
2 13 64 135 
5 9 82 156 
2 5 33 61 
0 14 69 197 
3 8 43 126 
11 23 48 148 
0 1 7 42 
11 37 53 164 
1 7 26 81 
0 14 64 189 
0 4 46 158 
0 6 26 122 
0 16 41 104 
3 32 83 141 
4 9 18 76 
10 27 111 190 
2 12 28 114 
3 12 39 147 
3 8 28 76 
3 26 63 145 
9 27 65 152 
6 25 77 185 
0 9 44 169 
1 4 50 149 
11 18 56 140 
4 22 52 134 
2 13 62 141 
5 22 66 159 
11 19 44 133 
0 10 41 108 
1 14 58 104 
0 0 74 155 
9 39 92 196 
1 17 65 182 
3 9 60 129 
0 11 45 177 
3 21 54 119 
2 15 36 120 
3 19 69 160 
0 0 22 171 
5 8 35 124 
0 13 57 161 
1 20 66 178 
2 14 59 172 
3 24 93 154 
1 1 31 91 
1 4 32 117 
0 3 10 52 
0 2 49 181 
1 17 37 61 
2 7 49 141 
1 3 24 112 
18 50 65 111 
12 30 57 103 
8 23 84 172 
8 39 74 171 
0 8 23 42 
1 5 41 106 
0 16 72 181 
4 22 49 67 
0 6 27 101 
0 1 14 52 
1 12 63 128 
8 32 54 186 
0 8 47 87 
8 28 102 191 
2 27 82 197 
3 20 61 149 
2 6 46 114 
9 18 66 145 
14 30 65 96 
1 11 60 231 
0 14 46 118 
1 16 63 145 
10 25 54 144 
3 22 65 145 
3 15 56 171 
0 3 25 109 
3 19 73 169 
2 12 26 69 
2 12 45 123 
11 21 30 44 
2 7 32 102 
2 13 39 147 
3 9 89 272 
9 13 20 80 
0 0 9 102 
3 22 60 98 
8 22 67 89 
13 54 155 235 
0 6 35 164 
0 3 14 101 
6 30 72 169 
0 5 51 168 
4 12 38 117 
8 21 54 97 
9 25 63 113 
3 12 35 94 
14 21 39 118 
3 14 97 175 
0 6 34 150 
2 25 70 182 
0 2 59 125 
7 26 48 105 
3 6 66 176 
1 5 73 111 
7 32 64 89 
0 8 27 88 
0 11 62 169 
3 9 28 99 
5 25 52 134 
3 11 49 149 
4 20 41 122 
0 15 44 149 
2 13 57 154 
12 25 57 122 
13 30 77 147 
4 15 62 166 
6 20 69 152 
0 3 22 80 
0 1 50 102 
1 7 49 158 
1 6 16 87 
7 19 36 72 
5 12 37 122 
9 47 97 134 
12 22 59 115 
0 2 23 137 
1 11 31 67 
3 25 75 174 
5 12 29 72 
1 21 45 74 
0 4 15 45 
4 23 62 156 
0 1 28 118 
0 12 48 130 
1 29 48 143 
9 14 31 121 
8 17 71 198 
0 4 67 129 
12 34 56 116 
0 31 99 195 
3 3 26 57 
2 21 65 154 
1 17 31 107 
10 24 75 164 
12 29 77 145 
3 9 61 183 
8 13 73 127 
7 27 70 143 
6 28 45 124 
6 12 77 155 
5 12 46 162 
17 49 61 79 
2 9 25 99 
0 15 26 48 
3 19 83 144 
3 24 48 119 
0 0 38 153 
16 60 95 163 
2 22 39 141 
13 57 133 207 
6 13 43 131 
4 19 72 140 
6 25 93 171 
8 14 59 166 
5 8 8 148 
0 0 14 64 
0 4 82 157 
0 5 31 86 
10 22 54 159 
1 7 43 86 
5 13 73 132 
0 0 18 93 
4 20 45 84 
0 8 23 88 
7 20 48 171 
1 15 46 174 
5 35 99 188 
5 14 61 131 
8 24 57 99 
0 7 35 107 
1 9 27 120 
0 6 24 105 
0 1 8 90 
0 23 77 181 
6 15 83 201 
1 9 23 85 
7 40 75 116 
3 22 70 172 
0 4 33 118 
8 25 46 69 
6 18 72 134 
1 2 58 182 
12 16 47 83 
0 5 63 144 
6 10 48 132 
3 15 31 95 
4 9 16 96 
4 25 98 170 
7 10 26 108 
0 23 50 91 
2 11 36 142 
3 21 56 112 
2 14 51 226 
6 8 48 163 
10 21 68 146 
9 32 87 170 
2 24 88 136 
2 20 83 145 
2 7 18 86 
2 7 28 153 
2 25 70 157 
0 14 48 133 
0 7 77 173 
1 17 40 164 
2 17 40 66 
3 22 85 223 
7 19 28 73 
6 17 40 160 
3 24 86 146 
1 4 35 98 
1 4 23 80 
0 6 24 56 
1 6 43 97 
2 12 20 74 
1 8 33 64 
0 6 55 81 
0 1 27 103 
0 7 40 149 
0 4 18 78 
0 12 55 179 
0 17 90 140 
3 7 11 93 
0 4 30 58 
12 45 97 170 
5 12 44 120 
0 0 0 29 
3 8 24 77 
1 4 15 151 
0 7 62 92 
2 6 31 87 
9 28 71 191 
16 59 152 224 
8 24 64 90 
5 20 44 118 
4 24 78 171 
12 25 62 140 
8 11 38 98 
7 25 50 142 
1 23 54 142 
6 37 84 221 
2 9 42 125 
6 16 51 85 
8 16 52 151 
9 23 83 170 
9 15 45 88 
9 48 148 311 
1 6 26 74 
4 30 83 199 
2 14 62 83 
2 24 46 130 
1 15 42 125 
3 8 34 87 
16 48 103 202 
3 23 42 134 
8 17 58 111 
10 16 44 80 
1 5 21 142 
6 16 45 179 
8 12 53 107 
0 0 0 95 
7 19 67 169 
2 21 82 189 
0 0 34 108 
0 7 32 101 
6 19 66 113 
0 1 27 96 
2 5 42 126 
9 33 93 183 
0 8 24 39 
2 15 58 167 
4 16 36 133 
6 15 51 121 
7 26 67 238 
6 22 76 157 
2 6 21 105 
6 25 38 74 
6 18 29 169 
0 0 29 147 
12 30 78 143 
0 7 31 128 
2 10 33 115 
1 9 41 103 
0 0 17 61 
5 19 29 89 
14 47 90 202 
5 7 39 187 
1 5 24 86 
0 0 21 84 
0 11 54 162 
2 9 54 143 
4 11 35 150 
3 12 39 113 
0 14 35 77 
5 22 81 255 
18 35 71 119 
9 20 57 65 
2 17 42 82 
2 6 18 115 
2 12 38 170 
6 19 54 66 
0 8 24 86 
0 0 14 104 
0 1 31 70 
6 26 64 211 
1 5 12 121 
1 17 65 225 
0 15 72 168 
9 15 33 112 
3 10 24 87 
0 2 19 143 
4 19 60 105 
0 0 20 179 
3 11 24 140 
3 17 35 80 
8 22 69 230 
6 18 47 78 
1 2 33 114 
11 27 70 163 
3 12 41 117 
3 14 27 71 
0 10 39 62 
0 2 77 200 
5 26 100 267 
0 0 14 113 
7 25 62 121 
12 44 103 165 
2 22 76 180 
2 20 90 161 
3 7 28 152 
0 3 22 109 
10 20 36 119 
0 9 22 67 
1 14 55 122 
4 8 23 61 
0 1 14 88 
12 18 45 115 
3 11 67 155 
4 33 74 149 
4 20 59 161 
4 12 53 128 
0 0 7 102 
1 28 81 121 
1 7 20 116 
3 3 26 120 
8 11 42 117 
6 18 79 152 
6 28 82 217 
0 11 44 76 
1 5 32 107 
1 13 48 159 
4 18 47 163 
8 42 121 233 
1 10 44 153 
9 28 88 140 
0 8 53 112 
9 27 58 178 
4 11 44 126 
3 4 31 143 
0 11 45 169 
0 3 17 128 
7 21 33 84 
2 18 54 148 
19 43 103 263 
9 28 75 122 
5 14 51 145 
0 14 55 156 
0 7 32 122 
6 39 76 189 
3 21 74 189 
2 9 18 51 
0 9 47 93 
9 38 113 178 
0 5 12 105 
7 18 39 174 
9 19 17 80 
0 10 59 142 
0 12 59 149 
8 20 29 96 
2 17 89 200 
6 9 22 77 
0 9 56 193 
2 5 18 59 
0 5 37 99 
4 19 77 163 
6 22 52 66 
2 12 66 150 
6 18 55 134 
0 13 35 91 
4 8 29 81 
0 3 35 78 
0 0 12 91 
3 11 52 103 
9 20 59 153 
8 21 40 105 
10 26 49 100 
5 32 58 115 
3 3 24 82 
0 4 32 95 
1 9 53 148 
1 12 55 159 
7 14 31 68 
13 53 134 185 
9 26 56 163 
12 32 102 230 
4 12 45 104 
13 35 85 112 
9 32 71 140 
2 14 48 121 
0 12 20 65 
0 5 51 130 
2 6 44 133 
11 39 75 193 
3 17 44 120 
0 2 44 147 
0 4 20 88 
5 11 41 139 
3 20 74 152 
2 8 52 101 
0 2 31 96 
8 15 45 95 
8 27 57 83 
5 17 31 67 
7 16 47 124 
10 19 32 80 
0 0 2 103 
4 29 78 147 
3 17 53 87 
8 24 67 158 
0 1 32 106 
2 15 50 123 
3 12 74 235 
5 15 42 127 
12 49 105 131 
1 18 77 134 
11 22 61 144 
14 40 70 150 
0 4 43 181 
6 15 51 177 
6 14 17 55 
0 8 39 103 
6 23 56 111 
3 29 66 122 
0 4 19 85 
1 20 43 122 
1 17 77 135 
5 16 58 89 
4 18 36 92 
4 21 30 80 
2 13 46 236 
0 4 41 168 
8 22 54 100 
0 12 55 87 
2 18 58 147 
0 7 32 106 
0 6 37 94 
0 9 29 79 
3 13 63 136 
7 28 57 134 
0 10 30 107 
5 18 68 246 
3 24 53 128 
2 4 19 85 
5 23 61 149 
2 11 29 82 
15 24 49 138 
5 22 30 116 
1 17 53 108 
8 18 44 111 
15 30 61 187 
7 20 39 88 
0 7 30 66 
0 3 43 129 
8 21 42 171 
17 47 85 128 
1 9 55 110 
15 26 59 78 
0 6 35 101 
8 41 104 187 
0 8 35 93 
0 5 32 80 
0 0 4 111 
6 33 77 137 
9 25 58 138 
1 18 48 129 
7 19 42 106 
1 14 62 120 
7 36 76 142 
7 24 63 144 
0 11 58 125 
1 6 27 53 
0 15 71 152 
1 17 68 131 
1 2 34 128 
13 32 89 151 
0 12 57 147 
9 18 41 83 
13 40 90 219 
23 33 69 124 
0 2 24 77 
0 0 17 69 
0 0 16 112 
0 9 73 148 
6 22 78 180 
0 1 20 82 
1 16 51 66 
2 14 37 100 
0 3 14 86 
1 19 50 85 
13 44 96 182 
4 7 51 95 
0 13 49 95 
0 0 21 65 
6 17 25 59 
7 14 35 78 
7 31 65 198 
14 39 84 127 
0 4 24 81 
3 10 82 145 
3 13 54 120 
4 16 64 108 
8 31 85 191 
17 38 57 113 
13 32 103 210 
