10 20 40 80 
7 28 69 114 
10 35 114 245 
7 20 86 159 
14 34 74 164 
8 18 65 156 
8 24 86 216 
2 7 57 201 
7 38 97 191 
7 20 69 149 
6 11 55 201 
3 34 81 203 
6 21 118 211 
5 20 39 87 
16 38 97 236 
0 10 40 112 
14 32 92 175 
6 30 91 230 
1 16 65 125 
5 38 103 213 
3 20 54 117 
0 12 55 196 
8 40 104 211 
12 50 98 196 
4 10 71 221 
1 26 44 107 
8 26 83 182 
4 19 61 153 
0 21 68 157 
1 9 48 179 
13 44 117 204 
5 13 48 161 
2 11 46 156 
3 15 59 102 
3 16 63 159 
8 18 56 176 
1 9 30 106 
8 25 64 201 
26 58 80 220 
6 23 61 91 
5 12 50 138 
4 25 86 145 
3 17 65 243 
3 8 47 109 
1 24 81 134 
22 51 98 153 
8 20 78 174 
9 32 60 110 
8 15 52 162 
14 42 96 156 
10 15 28 127 
5 32 92 176 
10 29 67 190 
0 1 20 89 
8 35 109 257 
2 15 56 111 
3 10 26 101 
1 9 62 149 
10 24 62 176 
4 17 64 170 
4 18 64 151 
7 13 94 195 
6 16 64 170 
26 58 110 221 
5 23 73 205 
3 18 71 160 
0 7 75 160 
3 15 40 124 
2 33 89 239 
5 33 64 220 
9 40 85 236 
8 21 58 140 
0 4 38 144 
20 40 102 191 
3 18 60 123 
15 61 135 346 
7 34 96 222 
4 29 139 260 
7 19 66 149 
7 30 112 207 
8 22 89 191 
6 16 73 151 
10 23 64 171 
11 40 120 272 
1 13 58 212 
0 12 77 189 
4 14 53 114 
7 11 49 159 
3 14 68 253 
12 41 89 200 
4 5 53 134 
11 33 80 152 
9 40 112 214 
3 13 37 154 
14 47 94 230 
7 15 59 128 
4 36 114 183 
19 44 74 142 
5 33 133 282 
17 40 106 238 
3 30 129 215 
0 3 30 75 
14 36 80 181 
5 15 29 67 
10 18 54 151 
4 8 48 143 
0 17 86 214 
8 24 102 186 
6 15 63 176 
0 5 38 108 
24 49 106 212 
4 26 93 216 
2 11 88 200 
1 8 49 111 
0 2 24 157 
5 21 66 161 
5 15 62 152 
10 25 71 164 
0 16 45 130 
0 3 47 150 
5 21 56 163 
5 30 86 164 
1 23 83 197 
0 13 50 154 
5 29 54 140 
0 6 50 170 
7 37 75 164 
20 32 59 163 
2 7 42 193 
12 28 82 222 
3 12 50 156 
7 37 91 208 
3 21 86 214 
6 31 67 136 
16 57 117 235 
1 10 38 140 
0 7 29 102 
8 27 61 189 
3 27 76 172 
2 9 47 138 
1 5 48 142 
1 13 45 118 
6 19 68 190 
2 6 31 119 
11 15 43 89 
10 21 84 191 
3 30 82 160 
3 19 83 181 
7 19 30 89 
10 29 78 127 
6 44 97 168 
15 28 58 171 
10 28 75 179 
1 3 20 166 
3 5 16 171 
3 32 106 211 
0 0 62 205 
15 36 105 200 
7 32 104 169 
1 15 51 190 
10 25 65 182 
5 20 53 132 
3 16 40 89 
9 15 50 154 
9 30 104 265 
5 10 68 137 
3 26 69 146 
2 17 48 91 
1 20 102 213 
7 24 82 204 
0 9 59 127 
15 51 104 217 
3 13 52 136 
7 18 60 135 
8 27 75 225 
4 24 88 199 
5 23 80 182 
6 10 28 130 
6 12 53 143 
9 34 84 233 
7 31 50 109 
8 21 67 196 
0 7 45 123 
12 40 87 228 
0 3 45 117 
5 22 86 186 
1 18 75 205 
9 23 50 104 
7 28 62 168 
4 23 103 234 
7 25 71 148 
0 4 42 194 
0 2 70 141 
12 28 91 211 
5 18 28 193 
1 11 66 172 
6 38 83 162 
8 13 52 157 
4 15 37 114 
1 2 26 167 
4 27 88 179 
8 14 38 75 
2 12 69 168 
6 15 44 156 
4 21 65 114 
1 16 58 194 
0 1 33 149 
23 49 83 169 
9 49 126 297 
7 24 81 213 
32 67 131 208 
3 15 43 127 
1 11 52 128 
5 27 63 164 
11 28 94 161 
1 10 44 176 
1 4 38 130 
8 25 60 215 
0 0 25 86 
0 4 14 92 
3 7 33 82 
2 22 84 151 
10 29 80 136 
11 29 103 172 
4 18 66 141 
4 17 39 198 
5 19 84 256 
14 25 105 272 
2 16 47 170 
1 7 38 122 
2 14 62 238 
3 11 53 144 
0 3 69 216 
1 6 23 125 
9 29 42 114 
14 29 63 151 
3 14 54 114 
19 57 120 215 
5 31 99 237 
14 39 93 186 
1 15 35 124 
6 15 47 130 
5 17 36 151 
8 19 56 238 
6 22 73 209 
6 16 47 92 
3 24 130 271 
0 0 7 67 
8 31 91 261 
4 11 50 208 
4 14 51 159 
5 13 50 109 
10 45 106 185 
3 12 60 205 
0 10 68 129 
3 7 59 161 
7 31 85 138 
11 24 54 142 
16 47 119 278 
0 2 43 160 
1 19 61 123 
12 22 72 204 
10 11 32 156 
6 27 72 138 
8 18 55 113 
1 27 86 192 
11 20 43 161 
4 12 66 177 
6 50 110 216 
2 8 52 157 
5 11 49 82 
22 50 101 210 
7 16 49 69 
14 27 51 156 
9 33 88 180 
3 17 54 112 
18 37 58 204 
0 0 49 145 
3 27 88 163 
1 18 112 202 
10 31 106 228 
13 29 65 213 
9 30 87 170 
8 34 103 269 
3 9 43 139 
2 13 32 130 
24 72 185 328 
7 17 61 163 
5 34 70 158 
10 29 88 236 
22 60 148 263 
0 15 51 158 
9 24 75 209 
3 15 67 166 
3 15 41 127 
9 26 67 159 
5 16 58 157 
0 17 71 128 
13 45 132 258 
12 30 77 213 
1 15 40 100 
2 4 13 132 
1 11 53 185 
2 22 62 170 
0 23 67 162 
5 19 38 128 
2 20 43 133 
0 16 70 216 
3 6 38 149 
15 44 99 228 
17 42 89 193 
0 5 25 127 
11 28 64 121 
6 11 61 156 
7 16 72 249 
4 12 44 144 
0 23 87 262 
7 27 66 129 
10 32 118 209 
15 39 84 238 
11 31 99 200 
5 10 61 197 
14 24 57 104 
1 9 45 134 
1 4 44 108 
15 49 123 242 
15 42 58 167 
10 20 60 139 
0 6 46 150 
8 18 43 162 
4 7 37 183 
0 10 47 137 
5 20 86 194 
3 12 43 117 
7 11 45 139 
0 2 19 151 
2 17 42 152 
9 39 91 209 
9 32 65 170 
4 18 61 209 
23 54 102 147 
7 13 41 147 
10 19 43 101 
0 5 48 189 
5 10 85 194 
0 3 18 130 
15 31 133 272 
5 13 51 131 
2 4 25 131 
1 22 81 241 
1 5 34 148 
6 26 95 317 
9 9 34 177 
5 15 26 51 
16 41 76 144 
1 14 35 103 
5 26 110 194 
12 28 64 199 
5 14 61 183 
3 8 51 80 
3 24 122 284 
9 36 106 170 
8 18 52 115 
3 10 82 204 
2 7 54 116 
4 10 45 139 
2 7 59 161 
3 24 48 130 
18 49 97 178 
0 7 51 180 
4 15 48 122 
1 10 29 111 
8 17 56 209 
7 24 80 173 
4 16 95 184 
14 31 101 193 
6 22 65 193 
5 12 46 114 
6 35 66 188 
9 27 61 131 
6 29 72 139 
5 12 74 142 
11 24 63 96 
5 17 32 173 
9 17 64 153 
4 17 62 115 
10 25 44 65 
7 13 54 141 
10 18 84 175 
5 24 49 124 
15 35 85 149 
11 29 95 202 
1 13 71 149 
20 32 85 173 
4 21 51 142 
8 11 41 164 
5 25 64 153 
7 17 52 150 
1 11 50 164 
7 18 36 100 
2 2 15 104 
5 25 67 182 
7 21 76 215 
8 17 50 151 
8 25 105 228 
9 18 43 188 
8 23 56 189 
8 17 42 156 
3 11 48 136 
7 26 70 101 
0 3 81 195 
0 11 60 112 
3 18 49 185 
13 20 52 160 
0 8 46 135 
7 19 67 166 
3 23 62 152 
6 15 26 86 
1 21 44 77 
13 32 84 172 
0 6 27 115 
0 3 44 187 
6 20 47 171 
7 16 48 94 
2 11 49 126 
0 20 39 102 
7 12 28 94 
6 24 48 162 
2 29 51 140 
21 46 68 174 
10 19 50 135 
10 30 86 177 
1 29 104 233 
7 17 77 137 
6 15 71 171 
3 19 60 153 
0 12 69 174 
13 32 97 159 
0 7 44 95 
0 2 22 131 
1 4 40 136 
2 17 57 110 
7 21 86 213 
4 19 64 172 
10 29 74 115 
4 21 50 151 
1 10 55 148 
4 18 70 166 
15 44 90 236 
3 9 44 127 
11 25 67 146 
2 10 48 188 
9 36 109 296 
17 32 69 152 
16 37 100 159 
0 12 27 136 
6 11 31 100 
7 11 20 86 
4 18 46 147 
1 25 59 144 
10 24 71 227 
3 16 48 122 
0 15 31 121 
11 19 86 244 
5 36 98 227 
7 20 43 155 
5 19 73 155 
3 15 75 208 
5 14 38 167 
0 13 79 257 
3 11 60 172 
0 24 59 181 
3 11 68 165 
0 7 30 135 
0 7 51 165 
0 14 16 106 
2 32 74 189 
3 17 54 143 
10 39 81 215 
6 32 67 156 
9 18 73 185 
6 21 54 145 
6 19 62 111 
12 34 83 152 
15 47 106 220 
8 40 122 192 
4 29 144 254 
4 23 76 131 
6 24 105 239 
6 26 80 175 
0 2 52 154 
6 20 71 189 
10 44 128 285 
5 12 64 117 
29 54 98 177 
1 4 54 132 
4 19 55 129 
9 14 43 201 
3 14 52 189 
2 12 73 161 
10 36 103 203 
16 34 78 140 
8 15 51 161 
5 13 43 101 
3 7 73 150 
10 21 66 275 
6 9 67 146 
5 20 46 219 
2 23 38 104 
8 35 109 204 
14 28 63 218 
1 12 54 111 
0 13 58 167 
5 18 49 122 
1 12 37 140 
8 52 100 187 
15 31 63 156 
8 16 52 161 
6 19 57 118 
14 34 56 170 
11 14 22 83 
15 50 98 256 
9 23 82 128 
13 55 134 238 
12 35 80 202 
5 19 35 115 
3 30 75 155 
6 22 78 171 
8 32 96 264 
14 37 75 173 
3 12 43 109 
0 2 41 60 
9 23 73 166 
1 21 84 158 
1 27 74 245 
25 44 95 158 
7 28 86 207 
1 10 40 179 
0 5 45 127 
10 24 76 156 
10 48 110 206 
8 34 76 126 
8 27 78 244 
11 38 84 221 
2 19 53 146 
16 40 71 154 
4 4 39 172 
2 13 51 109 
0 0 6 82 
9 26 75 135 
11 35 76 151 
2 24 71 171 
13 15 37 134 
2 19 93 240 
7 14 41 147 
6 28 64 204 
8 19 75 191 
0 8 60 142 
15 29 68 148 
6 21 55 171 
3 27 67 136 
9 12 47 114 
4 25 73 106 
9 37 97 207 
5 12 44 103 
2 23 97 201 
3 7 30 115 
0 7 44 158 
4 35 88 187 
2 16 85 219 
13 25 55 168 
10 34 70 150 
5 34 96 235 
13 37 113 168 
7 25 90 222 
7 23 95 209 
8 36 104 190 
5 17 70 211 
6 32 89 176 
12 25 66 162 
2 21 61 207 
7 16 52 157 
9 17 50 98 
10 30 95 209 
14 46 82 216 
6 28 85 208 
9 26 81 153 
4 7 30 86 
9 13 65 188 
6 22 72 202 
7 19 52 153 
9 41 76 150 
9 31 137 281 
4 14 71 162 
8 22 78 152 
5 20 34 101 
7 34 92 165 
7 16 79 219 
10 20 82 176 
3 14 62 148 
10 29 98 192 
1 1 57 178 
8 25 116 273 
18 49 151 258 
14 40 83 176 
6 31 79 139 
1 3 30 149 
0 7 48 153 
9 34 67 193 
5 30 90 170 
2 9 76 198 
3 8 60 214 
5 30 77 167 
2 6 43 89 
12 39 118 279 
4 7 38 199 
16 40 96 194 
8 43 105 191 
3 11 69 168 
13 21 82 223 
2 19 48 156 
3 16 35 73 
4 19 85 238 
13 45 107 227 
13 34 88 178 
0 29 91 187 
9 27 49 141 
0 10 69 175 
11 18 59 227 
0 2 17 45 
10 24 64 220 
9 28 57 140 
6 16 64 155 
13 35 89 180 
3 32 100 172 
6 21 43 129 
2 10 47 180 
14 27 79 126 
8 24 37 131 
6 30 83 177 
15 28 70 183 
9 29 54 138 
5 12 42 166 
5 21 51 146 
11 31 69 138 
9 28 104 219 
1 19 73 116 
2 34 106 276 
5 5 46 143 
5 27 70 183 
3 10 69 147 
2 29 110 213 
5 25 82 162 
6 20 44 101 
0 0 26 118 
15 50 111 202 
6 13 33 138 
2 2 45 191 
11 25 70 164 
5 13 76 198 
4 26 92 148 
13 30 93 160 
10 18 34 108 
7 18 43 178 
5 20 66 174 
5 11 42 192 
4 24 64 199 
5 16 56 132 
5 31 102 189 
5 21 61 194 
11 44 79 217 
21 58 101 190 
5 35 94 191 
4 21 77 173 
12 21 29 79 
4 9 46 123 
6 12 76 167 
5 35 98 208 
3 16 71 241 
1 9 47 141 
7 28 90 185 
7 24 52 167 
0 12 40 167 
1 5 25 138 
1 11 70 111 
7 22 61 123 
14 48 110 251 
0 8 34 161 
16 35 97 280 
7 43 88 209 
1 8 63 177 
1 13 64 185 
3 9 64 203 
3 12 55 161 
11 38 81 199 
4 30 80 168 
13 65 146 210 
0 6 39 176 
5 25 70 160 
0 10 46 164 
9 28 82 173 
3 27 77 120 
1 17 76 165 
7 18 56 110 
14 44 114 181 
12 34 133 269 
2 45 110 219 
7 28 62 171 
12 30 50 178 
3 26 87 161 
5 16 74 158 
7 34 80 129 
14 32 86 151 
22 53 140 236 
3 20 80 227 
11 25 69 155 
5 32 101 203 
3 9 59 148 
5 12 35 100 
5 40 105 183 
0 20 57 272 
4 25 68 197 
5 31 112 252 
0 17 74 252 
3 42 112 279 
1 4 27 107 
20 46 103 164 
3 9 53 136 
10 34 63 140 
3 31 67 123 
4 19 75 187 
12 42 99 143 
7 20 48 132 
7 14 40 79 
12 27 73 214 
10 20 40 175 
2 12 33 130 
5 27 78 148 
8 23 85 170 
3 16 57 134 
0 5 57 174 
3 18 65 225 
8 26 62 152 
0 3 34 188 
6 14 59 154 
15 33 82 129 
5 12 47 117 
15 47 77 146 
16 55 161 276 
2 19 65 149 
8 15 33 99 
11 20 44 99 
11 38 121 285 
11 27 55 127 
5 12 64 247 
2 8 42 164 
27 52 78 198 
11 37 88 216 
2 14 64 191 
5 21 33 125 
4 17 45 138 
6 28 81 162 
3 10 52 151 
5 15 54 109 
11 48 101 171 
12 29 45 132 
0 6 45 174 
6 23 67 182 
8 37 92 221 
1 34 101 174 
14 35 116 200 
5 15 46 196 
17 53 133 237 
2 15 81 121 
2 31 79 197 
8 42 96 244 
5 12 74 205 
0 5 39 187 
5 15 53 170 
0 9 43 158 
1 4 31 98 
2 20 64 178 
6 34 101 234 
9 29 102 264 
0 10 46 126 
10 36 56 123 
5 18 49 183 
3 28 55 123 
2 19 25 72 
11 35 109 179 
15 36 60 148 
0 7 55 115 
8 30 67 130 
1 3 33 127 
9 40 83 162 
2 15 50 180 
7 28 105 193 
0 3 40 114 
2 10 39 138 
3 9 23 115 
9 33 122 238 
20 30 94 192 
5 27 63 160 
10 26 90 232 
6 12 46 137 
10 20 62 150 
1 19 52 78 
4 14 89 247 
12 30 76 139 
2 6 31 99 
1 19 61 152 
4 16 42 185 
5 26 56 144 
6 24 68 178 
8 27 55 140 
0 5 58 228 
8 29 47 151 
0 18 79 275 
6 13 36 145 
1 16 47 125 
6 14 37 112 
12 45 127 187 
12 26 74 157 
0 5 52 201 
2 14 56 155 
9 20 82 184 
0 11 65 244 
12 36 77 142 
11 34 76 178 
12 30 93 247 
2 29 68 175 
9 33 121 211 
7 31 97 167 
2 13 43 115 
11 14 40 135 
10 30 72 184 
2 22 69 154 
2 25 90 154 
17 48 133 183 
1 11 31 87 
1 5 37 125 
3 17 53 131 
7 29 87 187 
7 20 71 161 
6 29 48 153 
14 29 82 209 
7 29 70 174 
7 19 36 95 
5 17 60 135 
6 11 37 135 
10 20 66 186 
3 9 24 134 
1 14 24 82 
8 30 82 159 
6 5 28 73 
5 12 35 150 
6 16 23 86 
2 15 35 110 
5 14 50 172 
10 31 85 155 
8 19 69 164 
6 16 63 192 
15 48 126 254 
3 5 23 58 
0 12 48 201 
13 34 90 197 
3 20 87 218 
2 15 43 162 
5 30 119 217 
8 18 92 212 
4 16 73 149 
18 36 93 275 
4 30 108 230 
9 32 76 150 
0 8 63 176 
0 7 83 175 
29 75 141 255 
5 33 91 244 
9 35 125 309 
4 13 75 234 
15 38 123 255 
8 20 90 251 
5 13 52 141 
13 35 68 150 
15 61 138 176 
7 24 47 179 
5 34 102 223 
2 8 35 166 
0 1 49 145 
8 33 85 165 
2 22 63 172 
0 6 37 116 
8 28 81 215 
0 1 22 111 
5 20 62 151 
4 20 71 176 
3 19 50 118 
0 4 52 181 
3 11 39 132 
6 27 96 168 
12 37 71 111 
1 11 64 234 
5 24 92 144 
14 38 124 244 
4 14 60 168 
1 7 36 128 
14 34 48 88 
6 32 72 175 
19 33 64 167 
5 12 30 129 
11 31 51 73 
12 37 80 123 
7 13 33 159 
1 12 47 223 
2 19 76 171 
0 16 48 124 
2 6 37 143 
7 19 52 133 
5 28 87 191 
6 23 117 234 
9 26 87 188 
2 16 63 170 
20 48 83 153 
10 26 68 196 
2 10 47 145 
4 23 54 164 
9 25 60 134 
3 11 72 207 
10 35 97 155 
5 11 56 183 
4 13 64 152 
4 25 52 192 
11 27 63 188 
1 4 31 82 
26 56 104 208 
7 32 69 251 
6 28 106 251 
0 0 21 83 
3 29 66 139 
4 18 33 197 
10 35 75 160 
13 27 83 226 
6 38 102 218 
10 21 65 192 
8 15 63 190 
5 19 52 124 
4 4 21 138 
4 12 46 111 
5 12 40 82 
10 30 46 123 
7 23 76 188 
2 18 46 177 
1 4 68 212 
11 30 62 138 
6 31 48 91 
6 22 59 145 
7 26 71 176 
0 7 52 171 
0 2 48 124 
6 23 76 187 
6 33 102 254 
0 14 58 179 
5 6 26 92 
3 30 92 152 
12 27 73 173 
9 25 74 152 
12 24 71 233 
3 22 73 150 
9 18 48 85 
3 9 43 218 
5 13 68 154 
4 16 90 204 
6 24 66 179 
1 7 57 200 
6 17 62 188 
8 34 100 226 
3 15 36 133 
12 29 49 124 
1 3 19 159 
0 9 46 104 
8 30 87 161 
1 15 85 192 
0 16 61 111 
0 10 96 288 
4 23 70 141 
4 7 57 124 
8 29 84 200 
8 13 51 183 
3 23 37 75 
11 21 53 208 
2 15 56 116 
11 21 48 190 
2 13 54 144 
0 11 43 107 
8 19 60 200 
10 44 98 207 
8 32 72 109 
6 14 36 97 
0 3 33 107 
9 35 75 199 
1 23 58 122 
1 11 39 108 
3 15 60 218 
3 17 75 158 
7 17 35 124 
5 26 89 204 
9 39 103 237 
1 9 74 176 
3 18 79 170 
0 24 73 160 
2 11 51 181 
20 29 71 147 
14 49 98 175 
3 17 53 127 
10 20 93 237 
6 33 90 193 
1 12 44 194 
8 21 120 198 
0 13 18 68 
15 24 75 195 
3 30 57 228 
4 7 32 80 
16 43 122 199 
9 30 61 130 
11 22 66 156 
1 13 52 108 
1 13 55 184 
5 13 39 103 
4 20 94 191 
10 18 35 81 
6 9 27 84 
3 20 43 117 
4 15 45 238 
0 15 75 153 
6 28 52 176 
4 21 101 236 
4 9 43 125 
2 16 45 154 
4 10 55 123 
10 22 45 181 
0 2 42 108 
6 9 43 184 
10 32 64 189 
1 6 37 116 
0 7 20 94 
24 55 99 169 
2 11 45 129 
3 15 60 198 
6 32 90 230 
3 11 48 147 
13 39 80 142 
0 4 35 238 
27 49 90 144 
1 14 36 87 
32 55 95 179 
5 21 66 184 
3 29 96 254 
5 16 45 128 
13 65 126 176 
1 2 57 172 
8 21 31 140 
6 16 61 187 
3 15 45 150 
16 39 93 225 
7 22 95 184 
0 10 58 188 
9 35 92 176 
4 15 57 169 
4 30 79 184 
0 25 61 97 
3 15 44 159 
6 15 60 196 
16 31 89 183 
3 8 12 90 
3 18 63 148 
6 11 55 172 
3 11 59 154 
4 10 47 170 
13 33 74 145 
2 14 62 183 
5 22 36 82 
0 5 73 156 
13 42 103 171 
7 28 77 183 
5 29 79 164 
14 41 84 172 
1 29 70 179 
6 41 92 207 
10 23 64 148 
5 26 67 157 
8 33 100 262 
2 25 59 137 
3 11 64 193 
11 31 59 123 
6 31 98 175 
6 17 34 190 
3 3 32 123 
6 19 59 133 
3 17 41 103 
6 30 64 134 
4 16 67 243 
3 10 90 161 
11 29 81 176 
7 28 82 136 
4 17 61 104 
17 30 47 79 
6 12 78 176 
13 33 61 164 
7 28 111 222 
8 23 76 222 
18 51 106 198 
4 26 48 130 
5 14 45 142 
2 12 38 176 
12 37 113 192 
3 17 100 187 
15 38 141 228 
5 26 73 97 
1 6 26 131 
6 26 116 171 
6 32 115 205 
12 44 83 139 
1 6 46 127 
16 42 122 241 
3 5 38 153 
6 17 55 166 
6 22 97 215 
5 25 105 250 
10 42 93 276 
13 51 84 133 
4 34 102 254 
6 49 108 200 
7 28 83 205 
8 18 46 144 
3 15 57 207 
0 2 68 125 
9 24 101 247 
9 30 112 173 
2 13 89 203 
10 27 54 142 
6 7 18 58 
2 11 44 128 
6 21 89 206 
8 25 90 151 
0 7 53 164 
9 15 56 174 
10 16 63 148 
4 19 32 111 
6 13 39 84 
3 11 49 109 
3 16 45 126 
2 6 52 142 
4 30 84 205 
4 13 61 206 
0 7 60 191 
6 18 25 84 
2 17 69 171 
11 35 92 186 
9 22 83 207 
4 12 31 143 
6 16 62 138 
0 10 52 173 
8 30 80 116 
8 16 63 108 
13 32 76 170 
9 61 82 174 
2 2 43 196 
5 36 92 186 
10 40 107 206 
1 14 60 164 
6 20 50 141 
0 11 58 163 
1 9 55 189 
16 42 98 207 
3 16 48 115 
3 22 53 147 
4 17 54 165 
4 22 92 171 
2 17 40 81 
3 9 40 177 
5 14 60 193 
3 14 49 112 
12 54 116 252 
16 38 96 223 
11 26 69 143 
11 31 87 154 
13 26 74 184 
0 9 39 126 
8 26 75 211 
4 18 40 95 
15 40 86 189 
0 5 46 199 
10 19 67 208 
23 45 87 183 
4 15 52 170 
6 35 91 172 
2 5 32 177 
5 22 71 182 
7 22 59 171 
3 15 53 145 
4 32 55 126 
2 10 26 102 
8 21 47 168 
4 14 50 91 
5 15 60 167 
0 30 78 143 
4 14 48 145 
9 30 73 170 
20 37 65 149 
1 15 46 127 
8 24 75 158 
2 6 21 106 
5 23 64 161 
4 23 76 125 
3 9 55 215 
5 15 57 155 
10 27 92 229 
9 21 50 146 
13 38 93 205 
1 14 45 142 
4 22 65 134 
1 6 57 173 
11 24 57 67 
2 16 39 129 
1 9 33 95 
5 14 65 205 
1 4 47 140 
1 8 59 149 
4 22 47 117 
0 9 50 117 
0 10 69 163 
1 3 22 64 
6 21 32 72 
4 22 61 168 
6 34 106 176 
20 45 98 180 
9 26 64 129 
3 9 57 124 
0 13 61 148 
5 16 68 154 
5 14 53 179 
8 18 58 117 
2 21 57 98 
10 35 77 164 
6 46 111 172 
12 25 70 191 
1 10 70 249 
7 37 82 184 
9 25 88 224 
17 42 92 185 
6 29 99 116 
5 20 60 158 
10 28 62 170 
3 20 57 70 
6 24 92 189 
10 45 110 274 
5 25 60 195 
2 6 34 83 
2 16 62 121 
12 35 100 221 
24 49 151 264 
1 7 34 89 
26 55 113 238 
6 10 28 96 
5 32 102 288 
16 54 100 153 
2 8 72 213 
4 23 44 165 
10 26 93 235 
0 7 36 165 
1 4 76 202 
1 21 93 209 
5 22 66 110 
8 17 30 114 
3 15 50 171 
5 23 81 131 
5 17 52 185 
10 29 86 216 
2 12 53 197 
6 16 52 113 
13 45 82 177 
12 48 105 193 
14 36 101 174 
8 36 115 205 
4 9 48 136 
0 14 55 149 
10 22 60 125 
6 48 111 315 
5 30 65 116 
0 6 59 202 
0 0 13 81 
10 25 70 164 
0 0 38 116 
0 3 32 142 
2 5 38 114 
12 25 52 134 
7 28 84 216 
7 12 49 137 
9 27 94 198 
20 40 78 200 
7 30 100 187 
15 31 86 159 
5 22 80 149 
5 19 75 167 
8 15 63 149 
10 26 67 142 
7 30 92 203 
0 16 62 178 
7 14 40 101 
0 11 54 132 
10 53 126 240 
12 32 63 170 
0 23 65 154 
7 18 36 121 
20 65 117 201 
10 24 49 149 
7 10 47 162 
1 15 54 221 
6 17 27 64 
9 48 90 113 
5 7 66 208 
8 27 73 162 
6 27 68 180 
6 42 116 174 
5 14 74 176 
4 12 87 192 
8 30 105 225 
4 11 32 112 
5 9 38 157 
5 13 50 145 
5 26 67 119 
4 22 40 151 
8 30 65 178 
7 34 48 86 
6 9 50 159 
3 19 54 192 
11 35 81 141 
11 45 122 195 
4 24 61 142 
12 37 90 220 
4 19 57 189 
3 15 65 136 
0 14 87 180 
8 28 64 147 
9 18 56 129 
3 15 69 163 
1 7 26 171 
2 12 69 118 
13 38 87 203 
4 16 39 109 
12 41 75 135 
10 22 64 241 
2 11 76 183 
0 18 70 164 
2 20 75 158 
3 11 39 145 
7 24 100 173 
11 54 125 186 
7 15 58 170 
6 35 109 191 
8 48 157 307 
4 6 28 158 
9 34 102 217 
0 1 21 105 
1 7 27 83 
8 15 56 201 
0 10 56 159 
8 29 68 137 
8 31 83 196 
14 22 61 229 
11 38 112 206 
2 24 55 171 
4 21 70 149 
8 28 75 130 
10 30 70 119 
8 37 101 269 
11 28 66 164 
3 11 49 157 
7 22 121 262 
0 2 29 92 
16 29 67 209 
5 21 48 171 
3 19 50 114 
5 17 57 207 
10 17 64 179 
7 15 44 133 
7 21 64 210 
11 27 86 176 
0 10 47 172 
5 15 79 161 
12 25 66 174 
4 13 45 121 
2 25 49 110 
7 26 92 184 
3 21 57 111 
6 10 59 137 
1 15 47 99 
20 31 61 199 
3 19 40 150 
0 1 46 240 
17 43 120 192 
3 15 86 160 
7 19 78 171 
2 16 30 137 
5 28 103 231 
6 24 43 140 
2 14 47 168 
0 14 51 171 
0 4 44 139 
0 15 61 150 
16 39 81 148 
4 24 75 163 
16 49 93 170 
0 10 38 145 
21 48 99 192 
17 46 101 178 
9 19 51 149 
0 5 38 99 
10 27 68 218 
4 20 65 188 
4 21 66 107 
1 13 62 169 
2 11 23 117 
17 40 68 139 
18 50 81 118 
10 38 97 161 
2 17 68 180 
10 22 84 130 
0 6 31 154 
4 31 78 219 
4 30 95 152 
8 42 125 205 
0 4 50 184 
4 20 81 135 
6 30 84 223 
4 19 58 165 
5 19 68 120 
5 27 53 127 
6 28 107 248 
17 48 86 216 
3 8 48 130 
5 19 80 181 
12 38 93 171 
12 27 68 118 
6 21 62 146 
1 8 62 176 
9 27 53 85 
0 20 41 149 
1 11 52 129 
7 25 83 165 
7 23 97 214 
8 17 77 217 
6 10 38 147 
4 22 54 158 
9 18 62 151 
11 36 69 176 
10 30 72 224 
10 51 112 224 
6 14 45 150 
5 13 37 129 
5 32 68 175 
6 15 53 105 
0 3 43 150 
3 12 50 167 
10 31 70 123 
16 44 105 192 
8 21 73 183 
5 31 103 210 
2 31 52 119 
4 21 96 179 
1 16 86 226 
4 12 36 190 
2 19 68 201 
10 18 42 127 
0 4 49 177 
4 31 62 126 
1 14 60 111 
2 6 20 61 
0 8 55 121 
3 6 54 187 
0 16 93 162 
14 23 128 230 
3 23 107 212 
0 10 50 149 
0 16 48 84 
4 18 44 79 
8 26 78 173 
4 11 60 124 
5 16 54 279 
4 34 106 196 
2 15 58 154 
3 27 74 184 
10 34 98 135 
5 33 95 188 
2 22 67 147 
19 35 104 174 
2 18 67 137 
1 5 45 132 
10 36 76 129 
7 17 53 147 
23 45 90 226 
3 36 103 170 
7 30 91 198 
0 9 57 205 
3 16 50 176 
2 16 70 204 
4 12 44 82 
6 29 92 216 
8 17 47 131 
0 1 35 181 
25 55 90 207 
13 41 115 268 
6 23 50 185 
1 23 58 151 
1 14 110 218 
3 19 72 137 
7 26 57 120 
8 38 92 219 
5 13 75 180 
9 32 110 170 
7 30 71 157 
1 24 114 189 
17 28 78 140 
1 13 55 190 
4 22 68 127 
16 22 80 260 
8 20 40 100 
6 36 92 214 
2 14 59 131 
5 14 50 108 
1 15 90 227 
10 17 69 132 
3 14 37 139 
12 26 55 173 
10 37 91 166 
0 33 104 200 
1 16 67 270 
5 21 60 103 
20 40 116 166 
0 11 45 95 
14 25 28 85 
4 20 56 125 
9 23 27 120 
4 25 89 181 
19 50 136 252 
13 37 122 297 
6 18 52 123 
0 17 58 111 
15 70 178 250 
0 8 40 169 
10 26 55 110 
3 5 32 89 
5 18 72 128 
3 30 85 143 
5 18 75 190 
12 48 127 307 
5 20 42 129 
13 33 107 250 
4 15 127 287 
6 27 101 263 
6 20 47 131 
18 34 111 206 
15 37 81 195 
11 20 49 204 
6 23 63 163 
2 9 47 205 
1 22 61 117 
5 20 87 171 
9 18 43 154 
14 45 96 151 
5 31 110 202 
6 20 78 165 
1 19 91 246 
8 22 72 191 
12 25 55 115 
14 30 54 108 
7 14 46 98 
0 12 62 156 
1 3 75 182 
3 16 77 169 
6 7 29 155 
5 23 102 257 
1 12 49 149 
3 30 99 238 
5 29 73 165 
9 42 88 130 
14 34 95 154 
9 13 56 211 
5 20 35 140 
5 24 114 240 
4 12 46 156 
2 14 70 155 
8 24 38 159 
22 41 80 166 
10 21 52 128 
13 55 119 220 
7 15 66 123 
0 2 24 113 
5 18 45 120 
9 31 76 204 
7 28 86 206 
0 5 32 184 
1 19 49 130 
6 27 83 144 
18 46 79 136 
2 12 27 137 
16 33 78 191 
6 19 60 129 
8 29 73 104 
2 16 61 208 
0 0 50 194 
4 26 61 104 
3 8 69 242 
0 8 78 228 
3 29 99 188 
7 27 68 134 
4 21 76 111 
0 4 67 214 
6 16 49 134 
1 8 34 117 
11 31 71 164 
0 14 52 129 
1 12 40 125 
1 10 53 135 
3 18 77 195 
3 21 102 200 
7 14 38 129 
10 24 90 239 
4 9 50 148 
5 21 52 135 
4 14 89 178 
0 2 51 179 
11 38 70 177 
14 29 77 178 
14 39 84 176 
9 20 84 220 
1 8 40 130 
2 15 37 226 
12 29 86 179 
9 18 71 206 
7 29 92 245 
5 8 49 143 
0 5 27 102 
15 26 78 151 
11 44 120 192 
9 23 84 198 
3 23 106 187 
7 39 96 176 
3 27 107 173 
3 10 60 127 
4 18 67 124 
3 6 25 168 
12 28 54 176 
7 19 95 176 
3 7 39 161 
6 13 78 185 
0 16 85 190 
3 12 44 131 
0 8 38 118 
15 40 115 185 
16 32 77 120 
4 17 61 184 
8 32 61 235 
2 7 65 202 
1 18 52 197 
10 23 58 120 
23 52 95 194 
13 30 75 164 
0 4 46 153 
3 26 80 150 
7 26 69 154 
17 32 62 184 
5 16 61 155 
10 35 78 203 
12 35 117 283 
4 14 46 115 
7 14 33 142 
11 44 64 180 
6 37 97 178 
1 0 7 116 
0 10 34 148 
8 28 94 167 
6 23 60 152 
7 34 123 204 
3 12 49 125 
0 3 67 216 
5 21 82 206 
4 18 52 169 
15 45 103 185 
13 21 43 166 
2 16 40 81 
8 29 85 261 
4 12 56 171 
0 4 44 197 
7 21 61 199 
0 3 19 96 
5 25 39 105 
11 25 70 185 
4 6 39 158 
11 52 170 229 
9 56 110 183 
19 38 106 211 
11 17 54 201 
5 14 53 183 
4 8 29 88 
2 10 42 117 
7 17 66 144 
5 21 46 108 
6 27 86 191 
5 16 58 177 
6 21 115 237 
7 27 80 190 
3 21 87 148 
7 25 78 244 
5 10 35 129 
7 28 79 222 
12 31 88 112 
16 36 103 205 
12 24 77 167 
2 10 31 128 
8 20 64 127 
9 25 81 196 
7 7 47 181 
6 19 84 190 
8 36 99 181 
4 25 67 139 
2 17 67 186 
4 16 66 189 
5 8 22 110 
5 24 53 126 
5 20 91 216 
16 42 89 161 
0 0 11 91 
1 12 48 144 
5 32 120 256 
1 14 57 120 
9 33 83 218 
5 18 60 189 
7 27 74 183 
3 3 24 111 
12 31 73 214 
8 35 119 222 
1 18 62 140 
3 17 46 122 
0 25 79 243 
2 6 15 103 
10 24 52 107 
9 34 91 233 
0 12 50 153 
11 37 79 191 
4 19 90 261 
2 17 52 131 
7 9 38 97 
8 11 52 96 
9 22 75 215 
9 24 58 105 
15 40 78 118 
3 10 28 102 
4 15 80 175 
4 25 40 133 
2 6 20 195 
2 17 79 239 
6 13 48 105 
11 35 92 175 
6 14 45 166 
5 12 42 150 
14 40 80 228 
9 41 93 176 
7 36 87 230 
6 33 81 161 
0 14 54 185 
3 27 79 164 
3 18 67 146 
0 7 90 210 
4 17 45 73 
2 14 52 172 
2 31 103 234 
7 23 65 140 
18 60 158 289 
9 31 85 149 
8 21 79 164 
8 13 35 164 
5 26 66 137 
5 44 81 162 
7 17 50 132 
9 28 66 184 
5 19 92 252 
14 30 91 184 
9 24 35 128 
7 14 75 174 
16 35 89 191 
4 18 48 167 
11 25 62 111 
11 28 64 145 
4 12 44 137 
17 43 64 221 
10 33 66 214 
16 39 71 156 
10 30 61 160 
3 5 29 159 
0 17 51 177 
2 15 67 146 
5 24 83 225 
6 23 91 184 
9 15 55 119 
9 15 34 143 
1 38 105 174 
1 22 56 139 
2 31 100 167 
8 24 63 159 
8 21 69 232 
7 12 41 112 
16 30 46 134 
3 18 55 163 
4 17 56 158 
12 28 73 121 
3 14 50 185 
3 22 68 227 
2 18 80 204 
10 13 38 111 
10 28 66 180 
8 30 51 185 
13 29 97 233 
10 19 45 122 
3 7 45 188 
8 32 90 147 
4 10 78 194 
1 14 36 172 
14 52 130 277 
4 23 68 130 
1 10 26 135 
10 27 55 97 
14 36 101 136 
14 37 69 127 
1 12 49 115 
2 4 39 101 
10 39 99 197 
6 21 87 177 
14 36 102 220 
7 16 68 189 
1 10 58 171 
8 48 115 162 
11 24 49 102 
4 24 87 179 
10 28 84 151 
15 30 74 190 
1 6 59 164 
0 18 48 148 
4 21 69 241 
3 28 83 195 
9 16 32 97 
2 11 56 157 
16 44 105 195 
3 9 38 92 
5 16 42 125 
3 13 48 138 
10 31 72 196 
4 23 45 99 
1 16 68 181 
2 8 38 194 
10 26 114 239 
7 10 25 106 
2 15 79 140 
7 26 73 176 
4 21 77 194 
24 52 107 140 
2 11 23 79 
8 24 86 238 
0 8 48 90 
4 14 51 128 
7 9 54 193 
2 11 118 296 
3 12 52 188 
12 39 106 179 
4 43 92 227 
5 29 115 287 
0 4 26 90 
10 30 76 152 
5 29 88 222 
13 62 150 203 
7 13 55 160 
4 22 82 185 
4 20 77 212 
6 13 47 158 
15 25 72 128 
7 13 72 167 
3 12 60 155 
2 11 41 150 
0 6 64 168 
6 20 64 123 
11 46 90 217 
9 26 74 132 
0 13 70 181 
8 18 85 243 
6 16 84 200 
4 13 33 74 
2 8 34 153 
0 2 41 166 
1 3 63 118 
4 18 50 183 
6 16 76 131 
18 39 86 140 
4 18 39 191 
8 39 93 199 
0 1 50 152 
14 33 79 139 
0 0 37 141 
0 10 38 119 
12 26 63 203 
3 8 54 130 
13 35 90 163 
0 11 48 156 
1 11 52 162 
9 33 83 114 
4 28 86 148 
0 4 43 136 
11 30 71 160 
0 3 44 129 
3 20 38 76 
3 16 79 151 
7 28 78 137 
3 14 59 128 
6 18 50 113 
13 29 72 164 
4 14 57 130 
11 28 67 163 
4 29 79 163 
17 27 55 182 
12 48 111 209 
17 61 126 161 
8 31 107 207 
0 14 64 144 
8 21 66 166 
5 27 117 226 
7 31 65 154 
3 8 51 121 
16 58 149 332 
1 7 36 126 
6 23 68 146 
10 32 67 102 
5 16 47 152 
4 28 69 191 
0 16 50 189 
9 26 71 140 
5 22 108 205 
10 43 126 215 
6 15 35 82 
11 34 95 167 
13 31 73 195 
4 22 68 160 
2 21 81 142 
1 17 51 94 
4 15 28 127 
0 7 50 177 
9 17 78 223 
8 38 92 180 
9 13 48 169 
6 20 57 171 
0 4 49 185 
17 62 121 285 
5 12 37 92 
3 26 91 294 
12 37 78 205 
0 11 61 165 
15 49 134 212 
12 47 130 209 
4 25 65 135 
5 22 69 168 
4 20 45 145 
2 17 49 150 
12 18 73 134 
14 42 123 261 
9 31 96 206 
12 33 94 245 
9 27 94 221 
0 7 61 145 
5 23 44 86 
0 8 42 137 
1 4 35 107 
3 24 69 128 
4 14 56 197 
6 30 86 189 
20 33 98 255 
11 23 66 171 
3 17 56 128 
5 16 31 151 
8 20 51 162 
6 28 90 211 
4 23 111 310 
9 31 94 193 
0 3 38 144 
5 18 33 96 
6 7 25 94 
12 42 112 218 
14 36 79 161 
6 50 143 249 
12 25 61 288 
7 27 109 237 
4 15 64 151 
23 39 53 118 
5 11 25 134 
1 4 23 112 
5 28 80 137 
9 40 104 179 
9 19 61 137 
1 15 58 191 
0 14 73 127 
10 26 61 116 
2 13 47 111 
2 14 54 136 
17 41 91 148 
3 15 42 126 
5 28 112 206 
6 33 98 207 
11 29 71 162 
12 21 52 137 
15 47 104 208 
5 9 19 61 
11 41 74 163 
5 18 58 160 
1 8 40 114 
5 10 33 125 
16 34 90 232 
12 32 63 232 
11 31 65 111 
14 36 146 252 
6 30 99 218 
8 37 86 210 
2 19 61 179 
16 20 32 181 
0 3 46 206 
9 25 71 172 
0 6 38 112 
1 4 37 107 
8 17 33 107 
2 19 54 154 
2 15 43 187 
6 15 74 197 
16 43 124 285 
0 4 24 132 
13 46 75 124 
5 20 83 191 
0 3 27 142 
0 8 67 191 
0 5 20 88 
7 20 73 147 
6 20 83 175 
1 17 75 199 
1 8 27 123 
14 46 117 197 
8 16 40 112 
11 30 86 141 
10 29 69 161 
14 27 86 286 
7 29 34 122 
12 41 135 291 
10 30 78 177 
2 23 79 145 
0 14 50 155 
0 31 74 130 
7 37 84 153 
10 22 70 149 
6 44 119 210 
3 16 79 179 
3 11 65 114 
13 30 70 115 
11 38 89 217 
11 19 54 196 
5 10 84 186 
25 45 100 214 
1 15 54 134 
2 25 50 137 
6 25 44 103 
3 9 22 75 
2 25 79 210 
18 60 102 188 
2 21 68 137 
6 14 33 124 
6 13 67 225 
3 33 70 233 
8 24 66 231 
14 24 65 189 
3 29 88 235 
2 11 33 102 
1 19 49 152 
0 2 19 119 
2 5 14 114 
6 33 81 179 
8 18 44 85 
5 17 66 146 
3 22 48 60 
11 22 61 130 
1 5 33 112 
12 24 56 164 
5 16 33 140 
4 16 38 170 
6 28 87 221 
14 33 65 125 
4 20 76 167 
0 0 26 159 
8 25 80 173 
12 31 71 190 
8 24 66 154 
4 25 96 179 
12 27 100 258 
3 29 84 185 
2 17 56 123 
1 12 42 217 
8 13 33 133 
1 20 106 233 
4 7 43 159 
6 11 28 76 
8 29 113 212 
3 4 40 174 
5 24 63 159 
12 36 55 131 
5 11 60 141 
12 18 45 116 
14 27 55 159 
3 10 47 213 
4 21 50 138 
6 20 67 258 
5 23 73 149 
13 39 71 110 
9 31 67 146 
2 13 67 167 
5 18 66 172 
3 15 62 135 
0 5 59 153 
10 46 110 201 
9 34 114 197 
14 57 137 258 
0 25 107 229 
1 8 38 128 
5 8 40 105 
7 39 88 178 
9 27 87 196 
4 23 68 155 
3 19 85 248 
11 23 65 129 
14 22 56 109 
5 30 85 230 
15 30 66 110 
4 18 35 86 
9 24 72 140 
4 15 60 195 
0 16 97 166 
8 28 67 117 
6 23 79 204 
5 18 63 125 
9 35 73 126 
5 22 70 191 
18 44 102 180 
13 25 70 205 
6 41 80 156 
5 12 24 121 
4 36 86 218 
4 29 71 175 
5 6 31 93 
6 15 49 141 
9 21 45 146 
25 60 135 210 
11 39 100 199 
5 32 112 279 
12 55 122 233 
7 24 62 138 
4 20 62 122 
4 10 46 102 
17 47 96 178 
1 3 28 65 
13 28 73 185 
15 27 66 148 
3 25 85 293 
13 48 132 229 
8 20 82 317 
8 27 61 108 
14 34 75 244 
3 21 84 221 
13 23 57 245 
14 45 141 286 
7 31 83 153 
6 24 95 203 
4 24 105 265 
13 62 147 242 
2 17 83 263 
7 23 72 179 
9 23 75 196 
5 24 68 148 
13 28 47 196 
0 18 58 114 
1 12 31 154 
8 21 50 110 
10 27 53 181 
1 10 39 137 
6 14 35 134 
9 28 56 162 
7 16 58 120 
2 19 49 141 
6 17 82 199 
5 26 125 259 
7 22 53 188 
6 15 31 119 
2 13 50 189 
1 13 46 142 
4 20 47 153 
0 11 49 156 
9 31 63 154 
1 19 84 181 
6 10 32 112 
6 17 34 132 
11 23 58 213 
7 12 31 84 
8 29 74 163 
13 29 73 161 
2 10 65 175 
0 3 45 121 
2 18 54 139 
4 27 113 243 
7 22 77 164 
9 17 66 176 
5 6 36 121 
1 3 6 124 
2 10 32 98 
0 11 45 194 
8 15 70 178 
2 11 61 156 
10 26 60 135 
3 31 82 168 
18 35 107 238 
11 36 78 177 
2 8 48 120 
2 10 19 90 
2 13 65 167 
5 29 94 162 
11 38 72 167 
11 30 84 125 
7 32 92 229 
0 0 49 164 
11 36 82 159 
3 21 64 98 
2 7 44 124 
0 6 54 132 
5 14 46 130 
5 18 113 192 
9 32 62 156 
5 15 41 107 
4 15 53 149 
6 22 54 134 
4 14 64 162 
13 29 109 231 
21 64 142 242 
0 3 59 114 
10 19 46 116 
7 22 69 195 
2 16 57 194 
6 11 62 170 
2 13 44 164 
15 53 126 252 
18 42 58 94 
14 34 93 197 
18 37 83 210 
7 39 104 250 
1 24 92 232 
14 32 92 123 
8 26 92 181 
4 16 38 182 
1 9 36 149 
22 43 81 140 
10 18 37 85 
0 11 35 123 
1 9 49 145 
3 12 71 153 
8 17 41 123 
1 23 82 269 
0 14 62 219 
2 5 15 102 
16 45 117 209 
3 6 23 102 
15 35 88 182 
0 9 62 220 
4 17 59 133 
2 12 73 205 
7 24 92 218 
11 22 82 225 
0 12 52 170 
4 47 113 220 
2 16 61 170 
5 15 36 116 
7 33 75 221 
1 9 57 143 
6 23 85 214 
24 65 90 169 
4 11 42 90 
0 5 38 131 
0 11 47 184 
9 49 127 267 
4 20 83 146 
9 25 48 132 
4 17 68 225 
11 24 75 155 
6 21 92 206 
8 25 71 210 
4 14 53 136 
6 38 95 185 
20 71 172 329 
2 14 41 110 
7 18 94 195 
9 14 19 63 
17 36 75 209 
1 9 55 172 
1 32 102 180 
8 28 105 148 
4 19 76 111 
9 26 70 154 
2 11 46 132 
4 16 37 106 
4 13 52 169 
6 15 42 131 
5 23 139 216 
10 35 65 192 
2 15 68 117 
0 13 59 184 
6 17 55 117 
8 21 68 200 
16 29 82 192 
4 23 45 87 
24 40 102 196 
3 35 89 137 
0 20 76 182 
5 24 80 161 
2 14 46 112 
6 34 89 179 
4 18 49 143 
13 21 56 176 
2 25 90 198 
0 13 67 211 
13 35 64 179 
16 36 82 133 
1 5 32 95 
1 3 35 119 
2 16 73 184 
22 47 114 174 
2 22 79 211 
5 27 79 182 
0 7 56 184 
7 31 83 175 
4 29 104 231 
6 28 77 174 
3 6 54 175 
2 9 57 146 
4 27 80 119 
9 17 98 260 
0 4 44 243 
7 15 49 126 
3 22 71 195 
1 9 46 244 
1 7 32 69 
10 22 69 178 
3 13 61 124 
8 29 83 193 
6 30 92 188 
4 16 54 117 
0 8 67 149 
2 22 72 168 
15 38 94 205 
5 22 51 168 
7 25 50 155 
8 17 59 137 
13 31 50 133 
1 17 62 156 
8 34 90 210 
7 23 78 156 
4 18 66 264 
11 21 75 178 
1 8 52 147 
14 37 63 152 
10 24 68 179 
2 10 50 145 
2 12 39 128 
2 25 43 147 
7 19 68 185 
12 39 94 220 
7 20 65 123 
11 21 56 199 
8 18 59 198 
5 33 65 145 
13 31 69 227 
21 26 76 191 
0 18 85 185 
10 31 70 158 
2 19 66 225 
9 32 78 135 
7 45 70 127 
16 34 54 211 
8 25 131 279 
18 39 85 159 
2 11 56 169 
2 23 78 142 
3 24 95 135 
3 11 32 90 
0 6 27 148 
6 8 79 211 
6 33 79 168 
8 30 74 150 
5 25 60 105 
1 17 51 147 
4 12 40 148 
13 30 55 164 
18 39 127 308 
6 26 68 178 
1 9 47 87 
3 24 79 180 
5 32 83 134 
6 23 77 146 
0 9 28 78 
1 13 37 140 
6 20 63 151 
0 11 36 132 
5 37 94 135 
6 25 70 145 
13 36 69 129 
4 17 62 164 
1 19 63 161 
15 35 46 112 
6 22 67 170 
1 10 34 122 
0 6 18 116 
12 41 115 189 
6 26 65 135 
0 4 72 202 
6 14 63 140 
11 44 104 168 
7 29 75 221 
1 3 21 140 
0 4 34 114 
2 15 65 159 
4 11 61 135 
4 10 50 127 
4 24 56 136 
9 17 44 141 
5 16 45 126 
14 22 47 93 
5 14 51 133 
8 24 70 180 
5 19 64 169 
10 22 69 151 
11 29 111 168 
7 26 67 162 
13 28 53 61 
9 20 79 172 
5 18 52 152 
14 29 62 138 
16 30 71 162 
3 21 64 187 
6 37 91 233 
1 8 39 211 
16 30 44 187 
5 19 72 151 
4 12 37 221 
8 27 61 195 
9 34 91 169 
10 29 72 138 
5 19 94 153 
1 7 52 122 
2 18 48 83 
4 9 58 159 
1 17 61 184 
4 7 50 169 
5 11 61 141 
9 25 67 193 
7 31 51 136 
2 15 77 208 
11 21 74 133 
4 13 42 131 
24 58 93 223 
3 28 81 192 
8 17 60 180 
14 38 94 333 
9 30 109 172 
5 22 107 229 
11 16 33 106 
6 30 86 167 
0 8 44 156 
6 17 73 193 
6 24 42 95 
3 19 57 96 
9 23 66 159 
5 33 93 151 
0 6 71 206 
1 11 60 178 
9 21 54 159 
1 1 32 160 
0 11 34 110 
9 43 125 231 
8 38 100 145 
1 20 46 121 
1 5 15 126 
3 13 80 203 
8 29 88 198 
8 22 87 180 
0 13 49 178 
