49226.9 0.000405097 0.000843785 0.594169 0.00631904 0.479163 0.00578441 
84748.8 0.00318702 1.41174 0.124781 0.0191367 0.231031 0.0056539 
17280 0.00152694 0.00677461 1.02592 0.00432032 3.6987 0.0039482 
54793.8 0.00104986 0.911156 0.414725 2.2325e-05 4.21258 1.85563 
126759 0.000112819 0.00154885 0.283644 0.000270689 0.0764529 1.6851 
50184.4 0.000409795 0.301467 1.16642 0.00142956 0.00278307 0.0038881 
112192 0.000414748 0.00339236 0.0897446 0.00117209 1.29752 0.0305409 
43276.3 0.00130236 0.360852 0.353708 1.48322e-05 0.00307092 5.13499 
33261.7 0.00108709 0.000941062 0.39269 0.0105401 2.31176 0.00281189 
166071 3.46432e-05 0.00100813 0.297028 0.00207721 0.00822821 2.43368 
606.77 0.00368723 0.400132 1.57401 0.00928415 0.00280007 0.114469 
48733.5 0.00400157 0.000921487 0.275158 0.000497902 1.56585 0.942945 
30761.6 0.000457295 0.00170874 2.0143 0.0149816 0.94462 0.00439948 
120318 0.000344389 0.00174106 0.0721536 0.00853424 0.0906068 0.0727147 
4621.64 0.00227539 0.00713394 1.3306 0.00210565 0.00315047 0.00319176 
7568.89 0.00499681 0.000835007 0.807712 0.0333197 5.96297 0.535922 
48747.3 0.00200065 0.809804 0.267184 0.026009 4.89909 0.0106744 
102662 0.00014755 0.057064 1.09663 1.39011e-05 3.7445 0.894873 
6744.83 0.00175006 0.224106 0.882289 0.00945848 0.733994 0.0114952 
965.496 0.00198937 0.00315764 1.32189 0.00776492 0.00329397 0.0063867 
138184 6.82024e-05 0.017666 1.35074 0.000107122 4.40244 0.00284326 
32894.3 0.000606301 0.0893669 1.27391 0.00467948 3.39413 0.774984 
129527 0.00237764 1.81371 0.00996438 4.27664e-05 0.0855919 0.00277836 
2558.53 0.00269425 0.134272 1.38848 0.049926 4.25945 0.154409 
172724 1.77959e-05 0.00104051 2.57724 5.65703e-05 9.18009 4.95587 
26346.5 0.00127352 0.00187075 1.4675 0.00609536 0.177772 6.5626 
33652.8 0.00278524 0.0187208 0.3151 0.00489168 0.149403 0.0229699 
91402.3 0.000200569 0.00322663 0.481536 7.25383e-05 7.82174 0.00349704 
5051.15 0.00266295 0.567217 0.92424 0.00317793 0.0832146 0.0117998 
20147.9 0.00216622 0.306361 0.729891 0.000267107 0.0896006 0.0208832 
24257.6 0.00112744 0.0118266 1.21208 0.000168334 0.477296 3.98473 
20189.3 0.000954903 0.101591 1.27429 0.000936797 0.0993504 0.410319 
607.969 0.00318731 0.00876227 1.15196 0.00683962 0.0475719 0.0030456 
1718.08 0.00319797 1.49952 2.42484 0.0103816 0.006654 0.00696245 
21762.6 0.00240031 0.275438 0.802763 0.000661454 0.02896 4.91598 
566.526 0.0021377 0.00606197 1.47158 0.0130037 0.13345 0.0300641 
2724.63 0.0037516 1.19485 1.00849 0.00644071 0.0210353 0.0357386 
139570 0.000194176 0.0920073 0.0139544 0.00060779 0.00277833 0.422931 
484.012 0.00499893 0.684025 1.18723 0.0189451 0.508216 0.0380644 
88208.6 0.00430704 1.39964 0.105948 0.000425041 0.0942544 0.0158528 
110114 0.00179668 0.89054 0.0590991 0.00516586 0.140933 0.0332017 
3162.33 0.0025695 0.0110313 1.04683 0.00338411 0.081558 0.00314357 
24529.2 0.000974628 0.0506722 0.707376 0.00638949 1.80319 0.62345 
25793.6 0.000634138 0.0118385 1.60866 0.0165017 0.00353817 0.183909 
32225.7 0.000571488 0.00828345 2.29493 0.000322878 0.0680745 0.571486 
94901.3 0.000154608 0.00325309 2.51373 0.000529651 9.42048 0.0543812 
136659 0.000300894 0.165033 0.00766367 1.53206e-05 5.75247 0.043422 
71284.8 0.000401757 0.000842309 0.280673 0.00868439 3.04805 0.00303393 
2433.44 0.00499984 2.27156 1.25431 0.00433655 0.0151189 0.00277807 
2771.01 0.00219695 0.161363 0.922263 0.0109939 0.0269937 0.00398128 
39135.2 0.00499951 0.00486402 0.306945 0.00632069 2.54693 0.381863 
13025.2 0.00160621 0.0332884 1.45533 0.000729291 0.0269794 0.0071231 
83049.2 0.00020251 0.0840977 1.4687 0.00261377 2.63814 0.0427487 
111587 0.00062523 0.320757 0.0678264 2.1545e-05 0.518437 0.348128 
183476 5.76311e-06 0.000833407 0.644138 0.000521288 4.94403 0.00352988 
702.235 0.00219925 0.000916773 1.45327 0.0102195 0.00357054 0.1424 
124390 0.00143892 1.00132 0.0229721 9.97821e-05 3.0597 1.50972 
20751.1 0.0014832 0.119866 1.20018 0.00159081 0.00747747 5.90517 
68650.3 0.00238117 0.717356 0.172284 1.51633e-05 0.789482 0.592868 
14759.3 0.000743787 0.00670348 1.38098 0.0148301 0.864328 0.0167491 
110280 0.000375106 0.0109919 0.102854 0.0008517 0.00425739 4.41549 
22124.2 0.003363 0.92055 0.850873 0.000200026 0.029564 2.72584 
142827 6.34979e-05 0.0561551 1.15698 9.79961e-05 0.37084 4.10912 
139550 0.000231575 0.0570949 0.00556022 0.000158042 3.77149 0.0210321 
16797.3 0.00181542 0.0144137 1.34403 0.00297912 1.35832 2.41276 
38161.5 0.000480954 0.00552115 1.3678 0.0023607 6.6149 0.0357777 
126963 0.000580951 0.511729 0.0638958 0.0162536 2.64159 3.89015 
25320.9 0.00113594 0.00600752 1.93919 2.52498e-05 0.0888437 0.0477943 
45530 0.000355891 0.0871814 2.02811 0.00337008 0.0108546 0.00285567 
140059 0.000256475 0.0293594 0.00629295 0.00288751 0.0151167 0.00302648 
14958.9 0.00344509 0.591373 0.968243 0.0023063 1.20196 0.498366 
57535.4 0.000999909 0.0272236 0.253596 0.00419224 3.03858 0.00379714 
118285 0.00118721 0.923938 0.0425036 0.00606283 0.00278242 0.00320506 
22860.8 0.00498648 1.75528 0.744396 1.82651e-05 0.981683 3.45797 
23166.7 0.00116178 0.011496 0.977875 0.00213642 8.12448 3.55175 
137693 0.000205519 0.0395223 0.0160283 0.00010802 0.994627 0.0622301 
14452.3 0.00495766 1.16617 0.818656 0.000708679 0.205929 0.00349896 
552.558 0.00217939 0.00264374 1.48328 0.00943591 0.00404856 0.0182099 
83188.9 0.000200055 0.0274872 1.23679 0.00246535 1.44278 0.107521 
100.395 0.00499997 0.285733 1.10045 0.0120108 0.0128641 0.00958172 
24878.2 0.00106389 0.00543839 1.84309 0.00424014 0.228382 5.01096 
56741.1 0.000373783 0.00214396 1.55364 0.0113784 8.20442 1.81403 
118121 0.000342839 0.0351662 0.0702254 0.000300394 0.196038 0.00473377 
54389.1 0.000639188 1.26329 1.25131 0.000205687 0.0950253 8.26736 
30021.1 0.000679647 0.00125905 1.88245 3.57141e-05 0.00332262 3.16944 
59.3787 0.00370981 0.0861405 1.22127 0.0130466 0.00631209 0.0748339 
855.404 0.00199962 0.0517861 1.56191 0.0173816 0.221544 0.00285781 
5836.73 0.00296853 0.000881987 1.39536 0.00692847 0.2406 0.873935 
35292.3 0.00072537 0.00325338 0.600235 4.51205e-05 2.3041 0.00589674 
461.914 0.00233972 0.0359665 1.52335 0.0114955 0.015329 0.00541627 
36643.7 0.00111803 0.426949 0.44832 0.0147278 7.42715 0.0180271 
185995 2.58538e-06 0.000896804 1.45432 0.000237688 4.6705 0.0230931 
24577.7 0.00105542 0.0454091 1.16174 6.93698e-05 0.426145 0.00753651 
26703 0.0035459 0.0364793 0.545472 0.000193979 4.51525 1.71505 
137.933 0.005 0.368407 1.10982 0.0111497 0.00384641 0.0031336 
100412 0.00244226 1.00084 0.0811495 0.00582492 0.0481412 0.00617062 
128896 0.00100948 0.706246 0.0158947 0.0376163 0.130432 0.0461736 
27449.9 0.00206335 0.0948847 0.43103 0.000483391 0.00615954 0.00336249 
16611.9 0.000653288 0.00970513 2.47152 0.0168553 0.337973 0.00445715 
3635.79 0.00228531 0.349702 0.996965 0.00371991 0.0142398 0.00362421 
174.827 0.00365728 0.0439601 1.18722 0.0307557 0.39088 0.0288219 
429.349 0.00303997 0.000833351 1.21321 0.00734619 0.00280984 0.0121716 
79592.9 0.0007878 0.0523725 0.172796 0.00884054 5.92483 0.0135274 
34447.2 0.00253457 0.0143526 0.405498 1.44726e-05 0.00439927 2.75125 
4147.99 0.00270617 0.0732181 1.32766 0.00622211 0.558586 0.111606 
82646.7 0.00022669 0.00302025 0.619852 0.00574971 4.90025 0.358354 
133607 0.00083771 0.668993 0.00253135 2.32407e-05 0.937826 7.09196 
2652.21 0.00322603 0.00883808 0.859755 0.0301807 0.0400264 0.0943436 
6494.63 0.000998322 0.0172445 2.79102 0.00868585 0.0830717 0.0121964 
